0 0 0.000000 0.000000 0.000000 0.000000 0.000000 0.000000 0 0 0
1 1 1.000000 0.011435 14.027387 4.675796 1.472784 0.046025 0 0 0
2 0 0.000000 0.000000 0.000000 0.000000 0.000000 0.000000 0 0 0
3 0 0.000000 0.000000 0.000000 0.000000 0.000000 0.000000 0 0 0
4 0 0.000000 0.000000 0.000000 0.000000 0.000000 0.000000 0 0 0
5 0 0.000000 0.000000 0.000000 0.000000 0.000000 0.000000 0 0 0
6 0 0.000000 0.000000 0.000000 0.000000 0.000000 0.000000 0 0 0
7 0 0.000000 0.000000 0.000000 0.000000 0.000000 0.000000 0 0 0
8 0 0.000000 0.000000 0.000000 0.000000 0.000000 0.000000 0 0 0
9 0 0.000000 0.000000 0.000000 0.000000 0.000000 0.000000 0 0 0
10 0 0.000000 0.000000 0.000000 0.000000 0.000000 0.000000 0 0 0
11 0 0.000000 0.000000 0.000000 0.000000 0.000000 0.000000 0 0 0
12 0 0.000000 0.000000 0.000000 0.000000 0.000000 0.000000 0 0 0
13 0 0.000000 0.000000 0.000000 0.000000 0.000000 0.000000 0 0 0
14 0 0.000000 0.000000 0.000000 0.000000 0.000000 0.000000 0 0 0
15 0 0.000000 0.000000 0.000000 0.000000 0.000000 0.000000 0 0 0
16 0 0.000000 0.000000 0.000000 0.000000 0.000000 0.000000 0 0 0
17 0 0.000000 0.000000 0.000000 0.000000 0.000000 0.000000 0 0 0
18 0 0.000000 0.000000 0.000000 0.000000 0.000000 0.000000 0 0 0
19 0 0.000000 0.000000 0.000000 0.000000 0.000000 0.000000 0 0 0
20 0 0.000000 0.000000 0.000000 0.000000 0.000000 0.000000 0 0 0
21 0 0.000000 0.000000 0.000000 0.000000 0.000000 0.000000 0 0 0
22 0 0.000000 0.000000 0.000000 0.000000 0.000000 0.000000 0 0 0
23 0 0.000000 0.000000 0.000000 0.000000 0.000000 0.000000 0 0 0
24 0 0.000000 0.000000 0.000000 0.000000 0.000000 0.000000 0 0 0
25 0 0.000000 0.000000 0.000000 0.000000 0.000000 0.000000 0 0 0
26 0 0.000000 0.000000 0.000000 0.000000 0.000000 0.000000 0 0 0
27 0 0.000000 0.000000 0.000000 0.000000 0.000000 0.000000 0 0 0
28 0 0.000000 0.000000 0.000000 0.000000 0.000000 0.000000 0 0 0
29 0 0.000000 0.000000 0.000000 0.000000 0.000000 0.000000 0 0 0
30 0 0.000000 0.000000 0.000000 0.000000 0.000000 0.000000 0 0 0
31 0 0.000000 0.000000 0.000000 0.000000 0.000000 0.000000 0 0 0
32 0 0.000000 0.000000 0.000000 0.000000 0.000000 0.000000 0 0 0
33 0 0.000000 0.000000 0.000000 0.000000 0.000000 0.000000 0 0 0
34 0 0.000000 0.000000 0.000000 0.000000 0.000000 0.000000 0 0 0
35 0 0.000000 0.000000 0.000000 0.000000 0.000000 0.000000 0 0 0
36 0 0.000000 0.000000 0.000000 0.000000 0.000000 0.000000 0 0 0
37 0 0.000000 0.000000 0.000000 0.000000 0.000000 0.000000 0 0 0
38 0 0.000000 0.000000 0.000000 0.000000 0.000000 0.000000 0 0 0
39 0 0.000000 0.000000 0.000000 0.000000 0.000000 0.000000 0 0 0
40 0 0.000000 0.000000 0.000000 0.000000 0.000000 0.000000 0 0 0
41 0 0.000000 0.000000 0.000000 0.000000 0.000000 0.000000 0 0 0
42 0 0.000000 0.000000 0.000000 0.000000 0.000000 0.000000 0 0 0
43 0 0.000000 0.000000 0.000000 0.000000 0.000000 0.000000 0 0 0
44 0 0.000000 0.000000 0.000000 0.000000 0.000000 0.000000 0 0 0
45 0 0.000000 0.000000 0.000000 0.000000 0.000000 0.000000 0 0 0
46 0 0.000000 0.000000 0.000000 0.000000 0.000000 0.000000 0 0 0
47 0 0.000000 0.000000 0.000000 0.000000 0.000000 0.000000 0 0 0
48 0 0.000000 0.000000 0.000000 0.000000 0.000000 0.000000 0 0 0
49 0 0.000000 0.000000 0.000000 0.000000 0.000000 0.000000 0 0 0
50 0 0.000000 0.000000 0.000000 0.000000 0.000000 0.000000 0 0 0
51 0 0.000000 0.000000 0.000000 0.000000 0.000000 0.000000 0 0 0
52 0 0.000000 0.000000 0.000000 0.000000 0.000000 0.000000 0 0 0
53 0 0.000000 0.000000 0.000000 0.000000 0.000000 0.000000 0 0 0
54 0 0.000000 0.000000 0.000000 0.000000 0.000000 0.000000 0 0 0
55 0 0.000000 0.000000 0.000000 0.000000 0.000000 0.000000 0 0 0
56 0 0.000000 0.000000 0.000000 0.000000 0.000000 0.000000 0 0 0
57 0 0.000000 0.000000 0.000000 0.000000 0.000000 0.000000 0 0 0
58 0 0.000000 0.000000 0.000000 0.000000 0.000000 0.000000 0 0 0
59 0 0.000000 0.000000 0.000000 0.000000 0.000000 0.000000 0 0 0
60 0 0.000000 0.000000 0.000000 0.000000 0.000000 0.000000 0 0 0
61 0 0.000000 0.000000 0.000000 0.000000 0.000000 0.000000 0 0 0
62 0 0.000000 0.000000 0.000000 0.000000 0.000000 0.000000 0 0 0
63 0 0.000000 0.000000 0.000000 0.000000 0.000000 0.000000 0 0 0
64 0 0.000000 0.000000 0.000000 0.000000 0.000000 0.000000 0 0 0
65 0 0.000000 0.000000 0.000000 0.000000 0.000000 0.000000 0 0 0
66 0 0.000000 0.000000 0.000000 0.000000 0.000000 0.000000 0 0 0
67 0 0.000000 0.000000 0.000000 0.000000 0.000000 0.000000 0 0 0
68 0 0.000000 0.000000 0.000000 0.000000 0.000000 0.000000 0 0 0
69 0 0.000000 0.000000 0.000000 0.000000 0.000000 0.000000 0 0 0
70 0 0.000000 0.000000 0.000000 0.000000 0.000000 0.000000 0 0 0
71 0 0.000000 0.000000 0.000000 0.000000 0.000000 0.000000 0 0 0
72 0 0.000000 0.000000 0.000000 0.000000 0.000000 0.000000 0 0 0
73 0 0.000000 0.000000 0.000000 0.000000 0.000000 0.000000 0 0 0
74 0 0.000000 0.000000 0.000000 0.000000 0.000000 0.000000 0 0 0
75 0 0.000000 0.000000 0.000000 0.000000 0.000000 0.000000 0 0 0
76 0 0.000000 0.000000 0.000000 0.000000 0.000000 0.000000 0 0 0
77 0 0.000000 0.000000 0.000000 0.000000 0.000000 0.000000 0 0 0
78 0 0.000000 0.000000 0.000000 0.000000 0.000000 0.000000 0 0 0
79 0 0.000000 0.000000 0.000000 0.000000 0.000000 0.000000 0 0 0
80 0 0.000000 0.000000 0.000000 0.000000 0.000000 0.000000 0 0 0
81 0 0.000000 0.000000 0.000000 0.000000 0.000000 0.000000 0 0 0
82 0 0.000000 0.000000 0.000000 0.000000 0.000000 0.000000 0 0 0
83 0 0.000000 0.000000 0.000000 0.000000 0.000000 0.000000 0 0 0
84 0 0.000000 0.000000 0.000000 0.000000 0.000000 0.000000 0 0 0
85 0 0.000000 0.000000 0.000000 0.000000 0.000000 0.000000 0 0 0
86 0 0.000000 0.000000 0.000000 0.000000 0.000000 0.000000 0 0 0
87 0 0.000000 0.000000 0.000000 0.000000 0.000000 0.000000 0 0 0
88 0 0.000000 0.000000 0.000000 0.000000 0.000000 0.000000 0 0 0
89 0 0.000000 0.000000 0.000000 0.000000 0.000000 0.000000 0 0 0
90 0 0.000000 0.000000 0.000000 0.000000 0.000000 0.000000 0 0 0
91 0 0.000000 0.000000 0.000000 0.000000 0.000000 0.000000 0 0 0
92 0 0.000000 0.000000 0.000000 0.000000 0.000000 0.000000 0 0 0
93 0 0.000000 0.000000 0.000000 0.000000 0.000000 0.000000 0 0 0
94 0 0.000000 0.000000 0.000000 0.000000 0.000000 0.000000 0 0 0
95 0 0.000000 0.000000 0.000000 0.000000 0.000000 0.000000 0 0 0
96 0 0.000000 0.000000 0.000000 0.000000 0.000000 0.000000 0 0 0
97 0 0.000000 0.000000 0.000000 0.000000 0.000000 0.000000 0 0 0
98 0 0.000000 0.000000 0.000000 0.000000 0.000000 0.000000 0 0 0
99 0 0.000000 0.000000 0.000000 0.000000 0.000000 0.000000 0 0 0
100 0 0.000000 0.000000 0.000000 0.000000 0.000000 0.000000 0 0 0
101 0 0.000000 0.000000 0.000000 0.000000 0.000000 0.000000 0 0 0
102 0 0.000000 0.000000 0.000000 0.000000 0.000000 0.000000 0 0 0
103 0 0.000000 0.000000 0.000000 0.000000 0.000000 0.000000 0 0 0
104 0 0.000000 0.000000 0.000000 0.000000 0.000000 0.000000 0 0 0
105 0 0.000000 0.000000 0.000000 0.000000 0.000000 0.000000 0 0 0
106 0 0.000000 0.000000 0.000000 0.000000 0.000000 0.000000 0 0 0
107 0 0.000000 0.000000 0.000000 0.000000 0.000000 0.000000 0 0 0
108 0 0.000000 0.000000 0.000000 0.000000 0.000000 0.000000 0 0 0
109 0 0.000000 0.000000 0.000000 0.000000 0.000000 0.000000 0 0 0
110 0 0.000000 0.000000 0.000000 0.000000 0.000000 0.000000 0 0 0
111 0 0.000000 0.000000 0.000000 0.000000 0.000000 0.000000 0 0 0
112 0 0.000000 0.000000 0.000000 0.000000 0.000000 0.000000 0 0 0
113 0 0.000000 0.000000 0.000000 0.000000 0.000000 0.000000 0 0 0
114 0 0.000000 0.000000 0.000000 0.000000 0.000000 0.000000 0 0 0
115 0 0.000000 0.000000 0.000000 0.000000 0.000000 0.000000 0 0 0
116 0 0.000000 0.000000 0.000000 0.000000 0.000000 0.000000 0 0 0
117 0 0.000000 0.000000 0.000000 0.000000 0.000000 0.000000 0 0 0
118 0 0.000000 0.000000 0.000000 0.000000 0.000000 0.000000 0 0 0
119 0 0.000000 0.000000 0.000000 0.000000 0.000000 0.000000 0 0 0
120 0 0.000000 0.000000 0.000000 0.000000 0.000000 0.000000 0 0 0
121 0 0.000000 0.000000 0.000000 0.000000 0.000000 0.000000 0 0 0
122 0 0.000000 0.000000 0.000000 0.000000 0.000000 0.000000 0 0 0
123 0 0.000000 0.000000 0.000000 0.000000 0.000000 0.000000 0 0 0
124 0 0.000000 0.000000 0.000000 0.000000 0.000000 0.000000 0 0 0
125 0 0.000000 0.000000 0.000000 0.000000 0.000000 0.000000 0 0 0
126 0 0.000000 0.000000 0.000000 0.000000 0.000000 0.000000 0 0 0
127 0 0.000000 0.000000 0.000000 0.000000 0.000000 0.000000 0 0 0
128 0 0.000000 0.000000 0.000000 0.000000 0.000000 0.000000 0 0 0
129 0 0.000000 0.000000 0.000000 0.000000 0.000000 0.000000 0 0 0
130 0 0.000000 0.000000 0.000000 0.000000 0.000000 0.000000 0 0 0
131 0 0.000000 0.000000 0.000000 0.000000 0.000000 0.000000 0 0 0
132 0 0.000000 0.000000 0.000000 0.000000 0.000000 0.000000 0 0 0
133 0 0.000000 0.000000 0.000000 0.000000 0.000000 0.000000 0 0 0
134 0 0.000000 0.000000 0.000000 0.000000 0.000000 0.000000 0 0 0
135 0 0.000000 0.000000 0.000000 0.000000 0.000000 0.000000 0 0 0
136 0 0.000000 0.000000 0.000000 0.000000 0.000000 0.000000 0 0 0
137 0 0.000000 0.000000 0.000000 0.000000 0.000000 0.000000 0 0 0
138 0 0.000000 0.000000 0.000000 0.000000 0.000000 0.000000 0 0 0
139 0 0.000000 0.000000 0.000000 0.000000 0.000000 0.000000 0 0 0
140 0 0.000000 0.000000 0.000000 0.000000 0.000000 0.000000 0 0 0
141 0 0.000000 0.000000 0.000000 0.000000 0.000000 0.000000 0 0 0
142 1 1.000000 0.011435 135.598070 42.082160 4.411839 0.145307 0 0 0
143 0 0.000000 0.000000 0.000000 0.000000 0.000000 0.000000 0 0 0
144 0 0.000000 0.000000 0.000000 0.000000 0.000000 0.000000 0 0 0
145 0 0.000000 0.000000 0.000000 0.000000 0.000000 0.000000 0 0 0
146 0 0.000000 0.000000 0.000000 0.000000 0.000000 0.000000 0 0 0
147 0 0.000000 0.000000 0.000000 0.000000 0.000000 0.000000 0 0 0
148 0 0.000000 0.000000 0.000000 0.000000 0.000000 0.000000 0 0 0
149 0 0.000000 0.000000 0.000000 0.000000 0.000000 0.000000 0 0 0
150 0 0.000000 0.000000 0.000000 0.000000 0.000000 0.000000 0 0 0
151 0 0.000000 0.000000 0.000000 0.000000 0.000000 0.000000 0 0 0
152 0 0.000000 0.000000 0.000000 0.000000 0.000000 0.000000 0 0 0
153 0 0.000000 0.000000 0.000000 0.000000 0.000000 0.000000 0 0 0
154 0 0.000000 0.000000 0.000000 0.000000 0.000000 0.000000 0 0 0
155 0 0.000000 0.000000 0.000000 0.000000 0.000000 0.000000 0 0 0
156 0 0.000000 0.000000 0.000000 0.000000 0.000000 0.000000 0 0 0
157 0 0.000000 0.000000 0.000000 0.000000 0.000000 0.000000 0 0 0
158 0 0.000000 0.000000 0.000000 0.000000 0.000000 0.000000 0 0 0
159 0 0.000000 0.000000 0.000000 0.000000 0.000000 0.000000 0 0 0
160 0 0.000000 0.000000 0.000000 0.000000 0.000000 0.000000 0 0 0
161 0 0.000000 0.000000 0.000000 0.000000 0.000000 0.000000 0 0 0
162 0 0.000000 0.000000 0.000000 0.000000 0.000000 0.000000 0 0 0
163 0 0.000000 0.000000 0.000000 0.000000 0.000000 0.000000 0 0 0
164 0 0.000000 0.000000 0.000000 0.000000 0.000000 0.000000 0 0 0
165 0 0.000000 0.000000 0.000000 0.000000 0.000000 0.000000 0 0 0
166 0 0.000000 0.000000 0.000000 0.000000 0.000000 0.000000 0 0 0
167 0 0.000000 0.000000 0.000000 0.000000 0.000000 0.000000 0 0 0
168 0 0.000000 0.000000 0.000000 0.000000 0.000000 0.000000 0 0 0
169 0 0.000000 0.000000 0.000000 0.000000 0.000000 0.000000 0 0 0
170 0 0.000000 0.000000 0.000000 0.000000 0.000000 0.000000 0 0 0
171 0 0.000000 0.000000 0.000000 0.000000 0.000000 0.000000 0 0 0
172 1 1.000000 0.011435 116.894888 51.433751 4.394569 0.199810 0 0 0
173 0 0.000000 0.000000 0.000000 0.000000 0.000000 0.000000 0 0 0
174 0 0.000000 0.000000 0.000000 0.000000 0.000000 0.000000 0 0 0
175 0 0.000000 0.000000 0.000000 0.000000 0.000000 0.000000 0 0 0
176 0 0.000000 0.000000 0.000000 0.000000 0.000000 0.000000 0 0 0
177 0 0.000000 0.000000 0.000000 0.000000 0.000000 0.000000 0 0 0
178 0 0.000000 0.000000 0.000000 0.000000 0.000000 0.000000 0 0 0
179 0 0.000000 0.000000 0.000000 0.000000 0.000000 0.000000 0 0 0
180 0 0.000000 0.000000 0.000000 0.000000 0.000000 0.000000 0 0 0
181 0 0.000000 0.000000 0.000000 0.000000 0.000000 0.000000 0 0 0
182 0 0.000000 0.000000 0.000000 0.000000 0.000000 0.000000 0 0 0
183 0 0.000000 0.000000 0.000000 0.000000 0.000000 0.000000 0 0 0
184 0 0.000000 0.000000 0.000000 0.000000 0.000000 0.000000 0 0 0
185 0 0.000000 0.000000 0.000000 0.000000 0.000000 0.000000 0 0 0
186 0 0.000000 0.000000 0.000000 0.000000 0.000000 0.000000 0 0 0
187 0 0.000000 0.000000 0.000000 0.000000 0.000000 0.000000 0 0 0
188 0 0.000000 0.000000 0.000000 0.000000 0.000000 0.000000 0 0 0
189 0 0.000000 0.000000 0.000000 0.000000 0.000000 0.000000 0 0 0
190 0 0.000000 0.000000 0.000000 0.000000 0.000000 0.000000 0 0 0
191 0 0.000000 0.000000 0.000000 0.000000 0.000000 0.000000 0 0 0
192 0 0.000000 0.000000 0.000000 0.000000 0.000000 0.000000 0 0 0
193 0 0.000000 0.000000 0.000000 0.000000 0.000000 0.000000 0 0 0
194 0 0.000000 0.000000 0.000000 0.000000 0.000000 0.000000 0 0 0
195 0 0.000000 0.000000 0.000000 0.000000 0.000000 0.000000 0 0 0
196 0 0.000000 0.000000 0.000000 0.000000 0.000000 0.000000 0 0 0
197 0 0.000000 0.000000 0.000000 0.000000 0.000000 0.000000 0 0 0
198 0 0.000000 0.000000 0.000000 0.000000 0.000000 0.000000 0 0 0
199 0 0.000000 0.000000 0.000000 0.000000 0.000000 0.000000 0 0 0
200 0 0.000000 0.000000 0.000000 0.000000 0.000000 0.000000 0 0 0
201 0 0.000000 0.000000 0.000000 0.000000 0.000000 0.000000 0 0 0
202 0 0.000000 0.000000 0.000000 0.000000 0.000000 0.000000 0 0 0
203 0 0.000000 0.000000 0.000000 0.000000 0.000000 0.000000 0 0 0
204 0 0.000000 0.000000 0.000000 0.000000 0.000000 0.000000 0 0 0
205 1 1.000000 0.011435 126.246479 60.785342 5.594719 0.265295 0 0 0
206 0 0.000000 0.000000 0.000000 0.000000 0.000000 0.000000 0 0 0
207 0 0.000000 0.000000 0.000000 0.000000 0.000000 0.000000 0 0 0
208 0 0.000000 0.000000 0.000000 0.000000 0.000000 0.000000 0 0 0
209 0 0.000000 0.000000 0.000000 0.000000 0.000000 0.000000 0 0 0
210 1 1.000000 0.011435 173.004434 60.785342 1.031408 0.267188 0 0 0
211 0 0.000000 0.000000 0.000000 0.000000 0.000000 0.000000 0 0 0
212 0 0.000000 0.000000 0.000000 0.000000 0.000000 0.000000 0 0 0
213 1 1.000000 0.011435 201.059207 60.785342 1.095914 0.269308 0 0 0
214 0 0.000000 0.000000 0.000000 0.000000 0.000000 0.000000 0 0 0
215 0 0.000000 0.000000 0.000000 0.000000 0.000000 0.000000 0 0 0
216 0 0.000000 0.000000 0.000000 0.000000 0.000000 0.000000 0 0 0
217 0 0.000000 0.000000 0.000000 0.000000 0.000000 0.000000 0 0 0
218 0 0.000000 0.000000 0.000000 0.000000 0.000000 0.000000 0 0 0
219 0 0.000000 0.000000 0.000000 0.000000 0.000000 0.000000 0 0 0
220 0 0.000000 0.000000 0.000000 0.000000 0.000000 0.000000 0 0 0
221 0 0.000000 0.000000 0.000000 0.000000 0.000000 0.000000 0 0 0
222 0 0.000000 0.000000 0.000000 0.000000 0.000000 0.000000 0 0 0
223 0 0.000000 0.000000 0.000000 0.000000 0.000000 0.000000 0 0 0
224 0 0.000000 0.000000 0.000000 0.000000 0.000000 0.000000 0 0 0
225 0 0.000000 0.000000 0.000000 0.000000 0.000000 0.000000 0 0 0
226 0 0.000000 0.000000 0.000000 0.000000 0.000000 0.000000 0 0 0
227 1 1.000000 0.011435 32.730569 70.136933 5.389131 0.317338 0 0 0
228 0 0.000000 0.000000 0.000000 0.000000 0.000000 0.000000 0 0 0
229 0 0.000000 0.000000 0.000000 0.000000 0.000000 0.000000 0 0 0
230 0 0.000000 0.000000 0.000000 0.000000 0.000000 0.000000 0 0 0
231 0 0.000000 0.000000 0.000000 0.000000 0.000000 0.000000 0 0 0
232 0 0.000000 0.000000 0.000000 0.000000 0.000000 0.000000 0 0 0
233 1 1.000000 0.011435 88.840115 70.136933 1.308944 0.319872 0 0 0
234 0 0.000000 0.000000 0.000000 0.000000 0.000000 0.000000 0 0 0
235 0 0.000000 0.000000 0.000000 0.000000 0.000000 0.000000 0 0 0
236 1 1.000000 0.011435 116.894888 70.136933 4.550006 0.349744 0 0 0
237 0 0.000000 0.000000 0.000000 0.000000 0.000000 0.000000 0 0 0
238 1 1.000000 0.011435 135.598070 70.136933 4.125128 0.372436 0 0 0
239 0 0.000000 0.000000 0.000000 0.000000 0.000000 0.000000 0 0 0
240 1 1.000000 0.011435 154.301252 70.136933 2.363311 0.379490 0 0 0
241 0 0.000000 0.000000 0.000000 0.000000 0.000000 0.000000 0 0 0
242 0 0.000000 0.000000 0.000000 0.000000 0.000000 0.000000 0 0 0
243 0 0.000000 0.000000 0.000000 0.000000 0.000000 0.000000 0 0 0
244 0 0.000000 0.000000 0.000000 0.000000 0.000000 0.000000 0 0 0
245 0 0.000000 0.000000 0.000000 0.000000 0.000000 0.000000 0 0 0
246 0 0.000000 0.000000 0.000000 0.000000 0.000000 0.000000 0 0 0
247 0 0.000000 0.000000 0.000000 0.000000 0.000000 0.000000 0 0 0
248 0 0.000000 0.000000 0.000000 0.000000 0.000000 0.000000 0 0 0
249 0 0.000000 0.000000 0.000000 0.000000 0.000000 0.000000 0 0 0
250 0 0.000000 0.000000 0.000000 0.000000 0.000000 0.000000 0 0 0
251 0 0.000000 0.000000 0.000000 0.000000 0.000000 0.000000 0 0 0
252 0 0.000000 0.000000 0.000000 0.000000 0.000000 0.000000 0 0 0
253 0 0.000000 0.000000 0.000000 0.000000 0.000000 0.000000 0 0 0
254 0 0.000000 0.000000 0.000000 0.000000 0.000000 0.000000 0 0 0
255 0 0.000000 0.000000 0.000000 0.000000 0.000000 0.000000 0 0 0
256 0 0.000000 0.000000 0.000000 0.000000 0.000000 0.000000 0 0 0
257 0 0.000000 0.000000 0.000000 0.000000 0.000000 0.000000 0 0 0
258 0 0.000000 0.000000 0.000000 0.000000 0.000000 0.000000 0 0 0
259 1 1.000000 0.011435 32.730569 79.488524 2.785242 0.389099 0 0 0
260 0 0.000000 0.000000 0.000000 0.000000 0.000000 0.000000 0 0 0
261 0 0.000000 0.000000 0.000000 0.000000 0.000000 0.000000 0 0 0
262 0 0.000000 0.000000 0.000000 0.000000 0.000000 0.000000 0 0 0
263 0 0.000000 0.000000 0.000000 0.000000 0.000000 0.000000 0 0 0
264 0 0.000000 0.000000 0.000000 0.000000 0.000000 0.000000 0 0 0
265 0 0.000000 0.000000 0.000000 0.000000 0.000000 0.000000 0 0 0
266 1 1.000000 0.011435 98.191706 79.488524 4.483347 0.413156 0 0 0
267 1 1.000000 0.011435 107.543297 79.488524 4.062181 0.431832 0 0 0
268 1 1.000000 0.011435 116.894888 79.488524 5.884343 0.468790 0 0 0
269 2 2.000000 0.022870 378.739437 238.465572 594.956924 18.596696 0 0 0
270 0 0.000000 0.000000 0.000000 0.000000 0.000000 0.000000 0 0 0
271 0 0.000000 0.000000 0.000000 0.000000 0.000000 0.000000 0 0 0
272 2 2.000000 0.022870 462.903757 238.465572 707.769947 28.881813 0 0 0
273 1 1.000000 0.011435 163.652843 79.488524 4.333369 28.881937 0 0 0
274 1 1.000000 0.011435 173.004434 79.488524 3.736073 28.882005 0 0 0
275 0 0.000000 0.000000 0.000000 0.000000 0.000000 0.000000 0 0 0
276 0 0.000000 0.000000 0.000000 0.000000 0.000000 0.000000 0 0 0
277 1 1.000000 0.011435 201.059207 79.488524 5.345969 28.882247 0 0 0
278 0 0.000000 0.000000 0.000000 0.000000 0.000000 0.000000 0 0 0
279 0 0.000000 0.000000 0.000000 0.000000 0.000000 0.000000 0 0 0
280 0 0.000000 0.000000 0.000000 0.000000 0.000000 0.000000 0 0 0
281 0 0.000000 0.000000 0.000000 0.000000 0.000000 0.000000 0 0 0
282 0 0.000000 0.000000 0.000000 0.000000 0.000000 0.000000 0 0 0
283 0 0.000000 0.000000 0.000000 0.000000 0.000000 0.000000 0 0 0
284 0 0.000000 0.000000 0.000000 0.000000 0.000000 0.000000 0 0 0
285 0 0.000000 0.000000 0.000000 0.000000 0.000000 0.000000 0 0 0
286 0 0.000000 0.000000 0.000000 0.000000 0.000000 0.000000 0 0 0
287 0 0.000000 0.000000 0.000000 0.000000 0.000000 0.000000 0 0 0
288 0 0.000000 0.000000 0.000000 0.000000 0.000000 0.000000 0 0 0
289 1 1.000000 0.011435 14.027387 88.840115 4.652947 28.882402 0 0 0
290 0 0.000000 0.000000 0.000000 0.000000 0.000000 0.000000 0 0 0
291 0 0.000000 0.000000 0.000000 0.000000 0.000000 0.000000 0 0 0
292 0 0.000000 0.000000 0.000000 0.000000 0.000000 0.000000 0 0 0
293 0 0.000000 0.000000 0.000000 0.000000 0.000000 0.000000 0 0 0
294 0 0.000000 0.000000 0.000000 0.000000 0.000000 0.000000 0 0 0
295 0 0.000000 0.000000 0.000000 0.000000 0.000000 0.000000 0 0 0
296 1 1.000000 0.011435 79.488524 88.840115 3.443320 28.882446 0 0 0
297 2 2.000000 0.022870 266.520345 266.520345 501.031310 32.833323 0 0 0
298 1 1.000000 0.011435 98.191706 88.840115 3.731180 32.833327 0 0 0
299 0 0.000000 0.000000 0.000000 0.000000 0.000000 0.000000 0 0 0
300 1 1.000000 0.011435 116.894888 88.840115 2.816428 32.833291 0 0 0
301 4 4.000000 0.045739 1262.464791 888.401149 8481.144258 267.004605 0 0 0
302 3 3.000000 0.034304 813.588421 533.040690 3056.950976 283.472903 0 0 0
303 3 3.000000 0.034304 869.697967 533.040690 3232.946171 300.800614 0 0 0
304 1 1.000000 0.011435 154.301252 88.840115 3.878565 300.800434 0 0 0
305 0 0.000000 0.000000 0.000000 0.000000 0.000000 0.000000 0 0 0
306 0 0.000000 0.000000 0.000000 0.000000 0.000000 0.000000 0 0 0
307 0 0.000000 0.000000 0.000000 0.000000 0.000000 0.000000 0 0 0
308 0 0.000000 0.000000 0.000000 0.000000 0.000000 0.000000 0 0 0
309 1 1.000000 0.011435 201.059207 88.840115 3.850028 300.800254 0 0 0
310 1 1.000000 0.011435 210.410798 88.840115 4.530254 300.800048 0 0 0
311 0 0.000000 0.000000 0.000000 0.000000 0.000000 0.000000 0 0 0
312 0 0.000000 0.000000 0.000000 0.000000 0.000000 0.000000 0 0 0
313 0 0.000000 0.000000 0.000000 0.000000 0.000000 0.000000 0 0 0
314 0 0.000000 0.000000 0.000000 0.000000 0.000000 0.000000 0 0 0
315 0 0.000000 0.000000 0.000000 0.000000 0.000000 0.000000 0 0 0
316 0 0.000000 0.000000 0.000000 0.000000 0.000000 0.000000 0 0 0
317 1 1.000000 0.011435 275.871936 88.840115 3.425705 300.799886 0 0 0
318 0 0.000000 0.000000 0.000000 0.000000 0.000000 0.000000 0 0 0
319 0 0.000000 0.000000 0.000000 0.000000 0.000000 0.000000 0 0 0
320 0 0.000000 0.000000 0.000000 0.000000 0.000000 0.000000 0 0 0
321 0 0.000000 0.000000 0.000000 0.000000 0.000000 0.000000 0 0 0
322 0 0.000000 0.000000 0.000000 0.000000 0.000000 0.000000 0 0 0
323 0 0.000000 0.000000 0.000000 0.000000 0.000000 0.000000 0 0 0
324 1 1.000000 0.011435 42.082160 98.191706 3.867143 300.799705 0 0 0
325 1 1.000000 0.011435 51.433751 98.191706 3.599620 300.799536 0 0 0
326 1 1.000000 0.011435 60.785342 98.191706 3.061809 300.799389 0 0 0
327 0 0.000000 0.000000 0.000000 0.000000 0.000000 0.000000 0 0 0
328 0 0.000000 0.000000 0.000000 0.000000 0.000000 0.000000 0 0 0
329 3 3.000000 0.034304 533.040690 589.150236 2516.564230 310.780927 0 0 0
330 1 1.000000 0.011435 98.191706 98.191706 2.156990 310.780807 0 0 0
331 2 2.000000 0.022870 322.629891 294.575118 575.641142 311.267095 0 0 0
332 3 3.000000 0.034304 701.369328 589.150236 2887.351128 323.912934 0 0 0
333 3 3.000000 0.034304 757.478875 589.150236 3043.516160 337.392628 0 0 0
334 3 3.000000 0.034304 813.588421 589.150236 3188.215563 351.573305 0 0 0
335 1 1.000000 0.011435 144.949661 98.191706 4.273081 351.572995 0 0 0
336 4 4.000000 0.045739 1543.012522 981.917060 10054.227602 470.921517 0 0 0
337 4 4.000000 0.045739 1636.528433 981.917060 10491.115992 573.123667 0 0 0
338 2 2.000000 0.022870 519.013303 294.575118 809.370321 573.614904 0 0 0
339 3 3.000000 0.034304 1094.136152 589.150236 3925.105535 586.261736 0 0 0
340 2 2.000000 0.022870 575.122849 294.575118 864.961741 586.808295 0 0 0
341 1 1.000000 0.011435 201.059207 98.191706 4.671282 586.807895 0 0 0
342 1 1.000000 0.011435 210.410798 98.191706 4.398267 586.807517 0 0 0
343 2 2.000000 0.022870 659.287169 294.575118 959.098846 587.486650 0 0 0
344 2 2.000000 0.022870 687.341942 294.575118 1008.073808 588.239029 0 0 0
345 0 0.000000 0.000000 0.000000 0.000000 0.000000 0.000000 0 0 0
346 0 0.000000 0.000000 0.000000 0.000000 0.000000 0.000000 0 0 0
347 0 0.000000 0.000000 0.000000 0.000000 0.000000 0.000000 0 0 0
348 0 0.000000 0.000000 0.000000 0.000000 0.000000 0.000000 0 0 0
349 0 0.000000 0.000000 0.000000 0.000000 0.000000 0.000000 0 0 0
350 0 0.000000 0.000000 0.000000 0.000000 0.000000 0.000000 0 0 0
351 0 0.000000 0.000000 0.000000 0.000000 0.000000 0.000000 0 0 0
352 2 2.000000 0.022870 14.027387 322.629891 440.362512 588.359235 0 0 0
353 0 0.000000 0.000000 0.000000 0.000000 0.000000 0.000000 0 0 0
354 0 0.000000 0.000000 0.000000 0.000000 0.000000 0.000000 0 0 0
355 1 1.000000 0.011435 32.730569 107.543297 4.403778 588.358840 0 0 0
356 0 0.000000 0.000000 0.000000 0.000000 0.000000 0.000000 0 0 0
357 1 1.000000 0.011435 51.433751 107.543297 5.012037 588.358394 0 0 0
358 1 1.000000 0.011435 60.785342 107.543297 4.893601 588.357958 0 0 0
359 1 1.000000 0.011435 70.136933 107.543297 4.565199 588.357549 0 0 0
360 2 2.000000 0.022870 238.465572 322.629891 533.168711 588.543712 0 0 0
361 4 4.000000 0.045739 888.401149 1075.432970 7686.774993 635.007077 0 0 0
362 1 1.000000 0.011435 98.191706 107.543297 4.290353 635.006667 0 0 0
363 3 3.000000 0.034304 645.259782 645.259782 2897.262606 641.145395 0 0 0
364 4 4.000000 0.045739 1168.948880 1075.432970 8744.323468 696.127300 0 0 0
365 3 3.000000 0.034304 757.478875 645.259782 3134.956631 702.657734 0 0 0
366 7 7.000000 0.080044 3796.745964 3011.212316 75118.421093 2448.001260 0 0 0
367 8 8.000000 0.091478 5218.187803 3871.558692 128883.583216 4709.148616 0 0 0
368 6 6.000000 0.068609 3240.326297 2258.409237 46062.533959 4921.695919 0 0 0
369 6 6.000000 0.068609 3436.709709 2258.409237 47996.569971 5142.225143 0 0 0
370 4 4.000000 0.045739 1730.044343 1075.432970 11229.857627 5153.398627 0 0 0
371 3 3.000000 0.034304 1094.136152 645.259782 4036.402383 5154.650753 0 0 0
372 1 1.000000 0.011435 191.707616 107.543297 2.534327 5154.650569 0 0 0
373 5 5.000000 0.057174 3015.888112 1613.149455 28472.562767 5228.833638 0 0 0
374 1 1.000000 0.011435 210.410798 107.543297 4.676743 5228.833280 0 0 0
375 2 2.000000 0.022870 659.287169 322.629891 977.005736 5228.847095 0 0 0
376 1 1.000000 0.011435 229.113981 107.543297 3.089451 5228.846857 0 0 0
377 0 0.000000 0.000000 0.000000 0.000000 0.000000 0.000000 0 0 0
378 1 1.000000 0.011435 247.817163 107.543297 4.269101 5228.846529 0 0 0
379 1 1.000000 0.011435 257.168754 107.543297 5.813000 5228.846082 0 0 0
380 0 0.000000 0.000000 0.000000 0.000000 0.000000 0.000000 0 0 0
381 0 0.000000 0.000000 0.000000 0.000000 0.000000 0.000000 0 0 0
382 0 0.000000 0.000000 0.000000 0.000000 0.000000 0.000000 0 0 0
383 0 0.000000 0.000000 0.000000 0.000000 0.000000 0.000000 0 0 0
384 0 0.000000 0.000000 0.000000 0.000000 0.000000 0.000000 0 0 0
385 0 0.000000 0.000000 0.000000 0.000000 0.000000 0.000000 0 0 0
386 1 1.000000 0.011435 23.378978 116.894888 5.365932 5228.845670 0 0 0
387 4 4.000000 0.045739 327.305687 1168.948880 6656.228302 5232.467378 0 0 0
388 2 2.000000 0.022870 126.246479 350.684664 493.498985 5232.451396 0 0 0
389 0 0.000000 0.000000 0.000000 0.000000 0.000000 0.000000 0 0 0
390 5 5.000000 0.057174 911.780127 1753.423321 16461.256917 5256.390585 0 0 0
391 2 2.000000 0.022870 210.410798 350.684664 550.492719 5256.374057 0 0 0
392 3 3.000000 0.034304 476.931143 701.369328 2705.680000 5256.834217 0 0 0
393 1 1.000000 0.011435 88.840115 116.894888 0.514668 5256.834175 0 0 0
394 5 5.000000 0.057174 1472.875589 1753.423321 19070.132033 5288.956649 0 0 0
395 5 5.000000 0.057174 1613.149455 1753.423321 19830.195706 5323.468593 0 0 0
396 9 9.000000 0.102913 5260.269962 5260.269962 183481.602382 7813.095657 0 0 0
397 4 4.000000 0.045739 1262.464791 1168.948880 9461.565371 7817.911363 0 0 0
398 7 7.000000 0.080044 3796.745964 3273.056865 77658.433660 8179.737515 0 0 0
399 4 4.000000 0.045739 1449.496612 1168.948880 10247.941069 8185.096316 0 0 0
400 8 8.000000 0.091478 5554.845080 4208.215970 138205.686773 9243.689146 0 0 0
401 5 5.000000 0.057174 2454.792649 1753.423321 25146.806924 9274.682269 0 0 0
402 5 5.000000 0.057174 2595.066515 1753.423321 26097.129188 9307.971297 0 0 0
403 6 6.000000 0.068609 3829.476533 2454.792649 53080.190219 9449.475065 0 0 0
404 2 2.000000 0.022870 575.122849 350.684664 896.286303 9449.424905 0 0 0
405 1 1.000000 0.011435 201.059207 116.894888 2.469884 9449.424653 0 0 0
406 3 3.000000 0.034304 1262.464791 701.369328 4559.798886 9450.032225 0 0 0
407 1 1.000000 0.011435 219.762390 116.894888 4.229131 9450.031791 0 0 0
408 2 2.000000 0.022870 687.341942 350.684664 1030.018895 9449.980699 0 0 0
409 1 1.000000 0.011435 238.465572 116.894888 3.922112 9449.980296 0 0 0
410 0 0.000000 0.000000 0.000000 0.000000 0.000000 0.000000 0 0 0
411 0 0.000000 0.000000 0.000000 0.000000 0.000000 0.000000 0 0 0
412 0 0.000000 0.000000 0.000000 0.000000 0.000000 0.000000 0 0 0
413 0 0.000000 0.000000 0.000000 0.000000 0.000000 0.000000 0 0 0
414 1 1.000000 0.011435 285.223527 116.894888 5.223978 9449.979760 0 0 0
415 0 0.000000 0.000000 0.000000 0.000000 0.000000 0.000000 0 0 0
416 0 0.000000 0.000000 0.000000 0.000000 0.000000 0.000000 0 0 0
417 0 0.000000 0.000000 0.000000 0.000000 0.000000 0.000000 0 0 0
418 0 0.000000 0.000000 0.000000 0.000000 0.000000 0.000000 0 0 0
419 0 0.000000 0.000000 0.000000 0.000000 0.000000 0.000000 0 0 0
420 1 1.000000 0.011435 42.082160 126.246479 5.562038 9449.979189 0 0 0
421 2 2.000000 0.022870 154.301252 378.739437 544.133221 9449.938480 0 0 0
422 1 1.000000 0.011435 60.785342 126.246479 2.764452 9449.938195 0 0 0
423 2 2.000000 0.022870 210.410798 378.739437 579.707526 9449.895858 0 0 0
424 1 1.000000 0.011435 79.488524 126.246479 5.005796 9449.895344 0 0 0
425 5 5.000000 0.057174 1332.601724 1893.697186 19318.141353 9467.171872 0 0 0
426 4 4.000000 0.045739 981.917060 1262.464791 8800.616372 9470.243650 0 0 0
427 5 5.000000 0.057174 1613.149455 1893.697186 20751.277190 9490.232345 0 0.216182 0
428 5 5.000000 0.057174 1753.423321 1893.697186 21550.212287 9511.785141 0 0.32734 0
429 9 9.000000 0.102913 5681.091559 5681.091559 198183.018063 11332.140545 0 18.5968 0
430 8 8.000000 0.091478 4881.530525 4544.873247 132299.636660 12049.268377 0 29.8703 0
431 10 10.000000 0.114348 7972.231365 6943.556350 317158.537875 15574.222523 0 283.473 0
432 6 6.000000 0.068609 3240.326297 2651.176061 48850.061790 15643.679204 0 300.8 0
433 3 3.000000 0.034304 981.917060 757.478875 3932.356001 15643.733055 0 300.8 0
434 7 7.000000 0.080044 4844.124161 3534.901415 92979.218336 15901.288649 0 311.267 0
435 7 7.000000 0.080044 5105.968710 3534.901415 96298.218941 16172.835950 0 337.546 0
436 7 7.000000 0.080044 5367.813259 3534.901415 99697.157334 16458.744560 0 470.921 0
437 5 5.000000 0.057174 3015.888112 1893.697186 29665.110348 16481.258057 0 573.246 0
438 3 3.000000 0.034304 1262.464791 757.478875 4659.841970 16481.331998 0 577.164 0
439 2 2.000000 0.022870 659.287169 378.739437 1010.948290 16481.238480 0 586.398 0
440 1 1.000000 0.011435 229.113981 126.246479 3.968237 16481.237994 0 586.807 0
441 2 2.000000 0.022870 715.396715 378.739437 1087.852358 16481.139775 0 586.808 0
442 1 1.000000 0.011435 247.817163 126.246479 4.702828 16481.139199 0 586.978 0
443 0 0.000000 0.000000 0.000000 0.000000 0.000000 0.000000 0 586.978 0
444 0 0.000000 0.000000 0.000000 0.000000 0.000000 0.000000 0 586.978 0
445 1 1.000000 0.011435 275.871936 126.246479 2.774197 16481.138860 0 587.486 0
446 0 0.000000 0.000000 0.000000 0.000000 0.000000 0.000000 0 587.486 0
447 0 0.000000 0.000000 0.000000 0.000000 0.000000 0.000000 0 587.486 0
448 0 0.000000 0.000000 0.000000 0.000000 0.000000 0.000000 0 587.486 0
449 0 0.000000 0.000000 0.000000 0.000000 0.000000 0.000000 0 587.486 0
450 0 0.000000 0.000000 0.000000 0.000000 0.000000 0.000000 0 587.486 0
451 0 0.000000 0.000000 0.000000 0.000000 0.000000 0.000000 0 587.486 0
452 1 1.000000 0.011435 42.082160 135.598070 2.958911 16481.138497 0 587.675 0
453 2 2.000000 0.022870 154.301252 406.794210 575.330875 16481.077780 0 588.269 0
454 3 3.000000 0.034304 364.712051 813.588421 2812.326314 16480.967273 0 588.358 0
455 1 1.000000 0.011435 70.136933 135.598070 2.213870 16480.967001 0 588.359 0
456 4 4.000000 0.045739 794.885239 1355.980701 8643.230027 16482.119061 0 588.596 0
457 1 1.000000 0.011435 88.840115 135.598070 2.774679 16482.118719 0 590.105 0
458 6 6.000000 0.068609 2062.025825 2847.559473 40997.928827 16526.798789 0 641.145 0
459 10 10.000000 0.114348 5914.881335 7457.893858 285491.947685 18749.613312 0 722.824 0
460 3 3.000000 0.034304 701.369328 813.588421 3422.277760 18749.490584 0 1734.95 0
461 7 7.000000 0.080044 3534.901415 3796.745964 80419.854000 18907.187294 0 2971.41 0
462 16 16.000000 0.182957 18441.337539 18441.337539 1890581.327946 61958.400643 0 5142.52 0
463 13 13.000000 0.148653 13190.419168 12339.424383 884866.140588 67793.785880 0 5228.83 0
464 9 9.000000 0.102913 6943.556350 6101.913156 228018.060861 68150.257811 0 5232.44 0
465 5 5.000000 0.057174 2454.792649 2033.971052 26579.551020 68153.256061 0 5233.83 0
466 7 7.000000 0.080044 4844.124161 3796.745964 95369.161215 68210.955584 0 5256.82 0
467 5 5.000000 0.057174 2735.340380 2033.971052 28395.084591 68214.476331 0 5269.25 0
468 9 9.000000 0.102913 8626.842738 6101.913156 260653.099817 68678.451090 0 5325.63 0
469 4 4.000000 0.045739 2010.592074 1355.980701 13347.428018 68678.613248 0 5944.47 0
470 3 3.000000 0.034304 1262.464791 813.588421 4752.910749 68678.379687 0 7813.1 0
471 3 3.000000 0.034304 1318.574337 813.588421 4917.804933 68678.143463 0 7817.89 0
472 2 2.000000 0.022870 687.341942 406.794210 1066.124506 68678.062984 0 7818.02 0
473 1 1.000000 0.011435 238.465572 135.598070 3.478014 68678.062695 0 7819.55 0
474 1 1.000000 0.011435 247.817163 135.598070 3.524956 68678.062402 0 7829.15 0
475 0 0.000000 0.000000 0.000000 0.000000 0.000000 0.000000 0 7829.15 0
476 0 0.000000 0.000000 0.000000 0.000000 0.000000 0.000000 0 7829.15 0
477 1 1.000000 0.011435 275.871936 135.598070 4.170740 68678.062056 0 7868.77 0
478 0 0.000000 0.000000 0.000000 0.000000 0.000000 0.000000 0 7868.77 0
479 1 1.000000 0.011435 294.575118 135.598070 2.747827 68678.061827 0 7994.99 0
480 0 0.000000 0.000000 0.000000 0.000000 0.000000 0.000000 0 7994.99 0
481 0 0.000000 0.000000 0.000000 0.000000 0.000000 0.000000 0 7994.99 0
482 0 0.000000 0.000000 0.000000 0.000000 0.000000 0.000000 0 7994.99 0
483 0 0.000000 0.000000 0.000000 0.000000 0.000000 0.000000 0 7994.99 0
484 0 0.000000 0.000000 0.000000 0.000000 0.000000 0.000000 0 7994.99 0
485 2 2.000000 0.022870 154.301252 434.848984 619.825952 68678.013062 0 8179.74 0
486 1 1.000000 0.011435 60.785342 144.949661 3.140417 68678.012801 0 8179.85 0
487 1 1.000000 0.011435 70.136933 144.949661 0.668391 68678.012746 0 8181.39 0
488 5 5.000000 0.057174 1192.327858 2174.244918 20687.770245 68679.336610 0 8197.62 0
489 0 0.000000 0.000000 0.000000 0.000000 0.000000 0.000000 0 8197.62 0
490 11 11.000000 0.125783 6480.652593 9566.677638 414115.238442 69853.995630 0 9274.79 0
491 3 3.000000 0.034304 645.259782 869.697967 3441.546526 69853.776825 0 9307.94 0
492 9 9.000000 0.102913 5260.269962 6522.734753 206680.095103 70133.685543 0 9449.44 0
493 5 5.000000 0.057174 1893.697186 2174.244918 24064.155732 70135.547932 0 9449.9 0
494 10 10.000000 0.114348 7457.893858 7972.231365 327507.752279 70849.038857 0 9450.03 0
495 9 9.000000 0.102913 6522.734753 6522.734753 227547.242274 71183.710163 0 9470.21 0
496 7 7.000000 0.080044 4320.435062 4058.590513 91880.823067 71232.727416 0.268248 9490.28 0
497 11 11.000000 0.125783 10801.087656 9566.677638 517045.763146 72992.958560 9.55076 10557.6 0
498 7 7.000000 0.080044 4844.124161 4058.590513 97987.895970 73047.158310 28.8824 11461.4 0
499 3 3.000000 0.034304 1094.136152 869.697967 4424.334855 73046.831876 32.8333 12049.3 0
500 3 3.000000 0.034304 1150.245698 869.697967 4570.721565 73046.498849 35.4406 12056.9 0
501 8 8.000000 0.091478 7238.131468 5218.187803 176957.675975 73237.258632 292.518 15574.2 0
502 4 4.000000 0.045739 2104.107985 1449.496612 14058.171623 73237.092976 300.8 15643.6 0
503 3 3.000000 0.034304 1318.574337 869.697967 4999.410744 73236.731204 300.8 15643.7 0
504 0 0.000000 0.000000 0.000000 0.000000 0.000000 0.000000 300.8 15643.7 0
505 0 0.000000 0.000000 0.000000 0.000000 0.000000 0.000000 300.8 15643.7 0
506 1 1.000000 0.011435 247.817163 144.949661 3.174155 73236.730868 300.801 15643.7 0
507 0 0.000000 0.000000 0.000000 0.000000 0.000000 0.000000 300.801 15643.7 0
508 0 0.000000 0.000000 0.000000 0.000000 0.000000 0.000000 300.801 15643.7 0
509 0 0.000000 0.000000 0.000000 0.000000 0.000000 0.000000 300.801 15643.7 0
510 0 0.000000 0.000000 0.000000 0.000000 0.000000 0.000000 300.801 15643.7 0
511 0 0.000000 0.000000 0.000000 0.000000 0.000000 0.000000 300.801 15643.7 0
512 0 0.000000 0.000000 0.000000 0.000000 0.000000 0.000000 300.801 15643.7 0
513 0 0.000000 0.000000 0.000000 0.000000 0.000000 0.000000 300.801 15643.7 0
514 1 1.000000 0.011435 23.378978 154.301252 2.527265 73236.730601 300.801 15643.8 0
515 0 0.000000 0.000000 0.000000 0.000000 0.000000 0.000000 300.801 15643.8 0
516 2 2.000000 0.022870 126.246479 462.903757 650.191770 73236.664655 300.801 15650.9 0
517 3 3.000000 0.034304 308.602504 925.807513 3090.764159 73236.401438 300.801 15901.2 0
518 2 2.000000 0.022870 182.356025 462.903757 669.695460 73236.333568 300.801 15901.3 0
519 3 3.000000 0.034304 420.821597 925.807513 3241.092918 73236.060638 300.801 15937.7 0
520 1 1.000000 0.011435 79.488524 154.301252 4.465941 73236.060165 300.801 16032.4 0
521 4 4.000000 0.045739 888.401149 1543.012522 9785.296377 73235.662682 300.801 16173.7 0
522 5 5.000000 0.057174 1472.875589 2314.518783 22890.736886 73236.730055 300.801 16458.7 0
523 8 8.000000 0.091478 3871.558692 5554.845080 134300.490636 73342.632330 300.801 16481 0
524 11 11.000000 0.125783 7715.062611 10183.882647 457853.459760 74676.723376 300.801 16481.2 0
525 5 5.000000 0.057174 1893.697186 2314.518783 24936.008873 74678.001098 300.801 16481.5 0
526 10 10.000000 0.114348 7457.893858 8486.568872 338936.489473 75387.753850 300.801 16526.8 0
527 8 8.000000 0.091478 5218.187803 5554.845080 151128.525080 75518.139039 300.801 18749.4 0
528 11 11.000000 0.125783 10183.882647 10183.882647 516040.298359 77161.655019 300.801 18907.1 0
529 6 6.000000 0.068609 3436.709709 3240.326297 55097.782097 77174.199731 300.801 19147.9 0
530 5 5.000000 0.057174 2595.066515 2314.518783 28991.124080 77175.991477 300.801 28607.9 0
531 5 5.000000 0.057174 2735.340380 2314.518783 29877.901495 77177.994898 300.801 61958.4 0
532 6 6.000000 0.068609 4025.859944 3240.326297 60301.982490 77193.621595 300.801 62034.9 0
533 6 6.000000 0.068609 4222.243356 3240.326297 62079.944939 77210.357469 300.801 67793.6 0
534 5 5.000000 0.057174 3156.161977 2314.518783 32596.865816 77213.041350 300.801 67799.5 0
535 3 3.000000 0.034304 1318.574337 925.807513 5102.722070 77212.572220 300.801 67990.8 0
536 2 2.000000 0.022870 687.341942 462.903757 1116.333995 77212.441375 300.801 68150.2 0
537 1 1.000000 0.011435 238.465572 154.301252 1.955362 77212.441132 300.801 68150.3 0
538 1 1.000000 0.011435 247.817163 154.301252 0.976105 77212.441010 300.801 68150.3 0
539 1 1.000000 0.011435 257.168754 154.301252 6.243645 77212.440234 300.801 68151 0
540 0 0.000000 0.000000 0.000000 0.000000 0.000000 0.000000 300.801 68151 0
541 1 1.000000 0.011435 275.871936 154.301252 3.473413 77212.439803 300.801 68153.1 0
542 0 0.000000 0.000000 0.000000 0.000000 0.000000 0.000000 300.801 68153.1 0
543 0 0.000000 0.000000 0.000000 0.000000 0.000000 0.000000 300.801 68153.1 0
544 0 0.000000 0.000000 0.000000 0.000000 0.000000 0.000000 300.801 68153.1 0
545 0 0.000000 0.000000 0.000000 0.000000 0.000000 0.000000 300.801 68153.1 0
546 0 0.000000 0.000000 0.000000 0.000000 0.000000 0.000000 300.801 68153.1 0
547 1 1.000000 0.011435 32.730569 163.652843 4.151548 77212.439287 300.801 68153.2 0
548 0 0.000000 0.000000 0.000000 0.000000 0.000000 0.000000 300.801 68153.2 0
549 0 0.000000 0.000000 0.000000 0.000000 0.000000 0.000000 300.801 68153.2 0
550 2 2.000000 0.022870 182.356025 490.958530 702.595404 77212.355088 300.801 68153.3 0
551 0 0.000000 0.000000 0.000000 0.000000 0.000000 0.000000 300.801 68153.3 0
552 3 3.000000 0.034304 476.931143 981.917060 3452.672247 77212.001332 300.801 68180.1 0
553 5 5.000000 0.057174 1332.601724 2454.792649 23278.457224 77212.533826 300.801 68211.9 0
554 8 8.000000 0.091478 3534.901415 5891.502358 136365.248180 77313.069393 300.801 68311 0
555 8 8.000000 0.091478 3871.558692 5891.502358 139792.737023 77418.783288 300.801 68678 0
556 8 8.000000 0.091478 4208.215970 5891.502358 143577.153047 77530.383930 300.801 68678.2 0
557 9 9.000000 0.102913 5681.091559 7364.377947 229381.114688 77831.514970 300.801 68678.6 0
558 9 9.000000 0.102913 6101.913156 7364.377947 235947.337442 78149.074805 300.801 68730.6 0
559 11 11.000000 0.125783 9566.677638 10801.087656 517062.653330 79734.190020 300.801 69854.4 0
560 11 11.000000 0.125783 10183.882647 10801.087656 531957.927959 81377.063628 300.801 70135.4 0
561 5 5.000000 0.057174 2454.792649 2454.792649 28917.119308 81378.005637 300.801 70155.6 0
562 9 9.000000 0.102913 7785.199544 7364.377947 264298.299907 81758.909493 300.801 70853.8 0
563 5 5.000000 0.057174 2735.340380 2454.792649 30646.104886 81760.114689 300.801 71183.5 0
564 2 2.000000 0.022870 575.122849 490.958530 1016.909570 81759.974375 300.801 71183.7 0
565 4 4.000000 0.045739 2010.592074 1636.528433 14266.127341 81759.134566 300.801 71232.5 0
566 4 4.000000 0.045739 2104.107985 1636.528433 14686.274366 81758.304420 300.801 71233.3 0
567 3 3.000000 0.034304 1318.574337 981.917060 5219.870110 81757.713357 300.801 71309.9 0
568 2 2.000000 0.022870 687.341942 490.958530 1125.027212 81757.558384 300.801 71729.7 0
569 1 1.000000 0.011435 238.465572 163.652843 4.384143 81757.557751 300.801 72311.2 0
570 2 2.000000 0.022870 743.451488 490.958530 1196.621326 81757.393411 300.801 72992.8 0
571 1 1.000000 0.011435 257.168754 163.652843 2.854893 81757.392999 300.801 72992.9 0
572 0 0.000000 0.000000 0.000000 0.000000 0.000000 0.000000 300.801 72992.9 0
573 1 1.000000 0.011435 275.871936 163.652843 5.131658 81757.392257 300.801 72993 0
574 0 0.000000 0.000000 0.000000 0.000000 0.000000 0.000000 300.801 72993 0
575 0 0.000000 0.000000 0.000000 0.000000 0.000000 0.000000 300.801 72993 0
576 0 0.000000 0.000000 0.000000 0.000000 0.000000 0.000000 300.801 72993 0
577 0 0.000000 0.000000 0.000000 0.000000 0.000000 0.000000 300.801 72993 0
578 0 0.000000 0.000000 0.000000 0.000000 0.000000 0.000000 300.801 72993 0
579 0 0.000000 0.000000 0.000000 0.000000 0.000000 0.000000 300.801 72993 0
580 0 0.000000 0.000000 0.000000 0.000000 0.000000 0.000000 300.801 72993 0
581 2 2.000000 0.022870 154.301252 519.013303 728.741560 81757.290128 300.801 72998.5 0
582 0 0.000000 0.000000 0.000000 0.000000 0.000000 0.000000 300.801 72998.5 0
583 2 2.000000 0.022870 210.410798 519.013303 751.546400 81757.184899 300.801 73046.2 0
584 1 1.000000 0.011435 79.488524 173.004434 5.444292 81757.184112 300.801 73046.3 0
585 8 8.000000 0.091478 3198.244137 6228.159635 138880.415718 81852.251586 300.801 73047.2 0
586 0 0.000000 0.000000 0.000000 0.000000 0.000000 0.000000 300.801 73047.2 0
587 3 3.000000 0.034304 645.259782 1038.026606 3879.250407 81851.775115 300.801 73076.8 0
588 9 9.000000 0.102913 5260.269962 7785.199544 231807.743296 82137.979379 300.801 73236.1 0
589 7 7.000000 0.080044 3534.901415 4844.124161 92911.154034 82175.518612 300.801 73236.4 0
590 6 6.000000 0.068609 2847.559473 3633.093121 53828.466716 82184.703143 300.801 73236.7 0
591 5 5.000000 0.057174 2174.244918 2595.066515 28229.833006 82185.208535 300.801 73236.7 0
592 6 6.000000 0.068609 3240.326297 3633.093121 56757.417561 82195.825104 300.801 73237.2 0
593 10 10.000000 0.114348 9000.906380 9515.243887 392977.590111 83049.530540 300.801 73343 0
594 2 2.000000 0.022870 519.013303 519.013303 991.237834 83049.383912 300.801 73359.5 0
595 3 3.000000 0.034304 1094.136152 1038.026606 4767.927362 83048.784434 300.801 73716 0
596 3 3.000000 0.034304 1150.245698 1038.026606 4903.113182 83048.171582 300.801 74676.5 0
597 2 2.000000 0.022870 603.177622 519.013303 1063.015242 83048.014652 300.801 74676.7 0
598 3 3.000000 0.034304 1262.464791 1038.026606 5184.169415 83047.374875 300.801 74677.7 0
599 2 2.000000 0.022870 659.287169 519.013303 1126.771700 83047.208873 300.801 74678 0
600 0 0.000000 0.000000 0.000000 0.000000 0.000000 0.000000 300.801 74678 0
601 1 1.000000 0.011435 238.465572 173.004434 5.026321 83047.208099 300.801 74678.4 0
602 0 0.000000 0.000000 0.000000 0.000000 0.000000 0.000000 300.801 74678.4 0
603 0 0.000000 0.000000 0.000000 0.000000 0.000000 0.000000 300.801 74678.4 0
604 0 0.000000 0.000000 0.000000 0.000000 0.000000 0.000000 300.801 74678.4 0
605 0 0.000000 0.000000 0.000000 0.000000 0.000000 0.000000 300.801 74678.4 0
606 0 0.000000 0.000000 0.000000 0.000000 0.000000 0.000000 300.801 74678.4 0
607 0 0.000000 0.000000 0.000000 0.000000 0.000000 0.000000 300.801 74678.4 0
608 0 0.000000 0.000000 0.000000 0.000000 0.000000 0.000000 300.801 74678.4 0
609 0 0.000000 0.000000 0.000000 0.000000 0.000000 0.000000 300.801 74678.4 0
610 0 0.000000 0.000000 0.000000 0.000000 0.000000 0.000000 300.801 74678.4 0
611 1 1.000000 0.011435 32.730569 182.356025 4.009372 83047.207482 300.801 74681.8 0
612 0 0.000000 0.000000 0.000000 0.000000 0.000000 0.000000 300.801 74681.8 0
613 0 0.000000 0.000000 0.000000 0.000000 0.000000 0.000000 300.801 74681.8 0
614 1 1.000000 0.011435 60.785342 182.356025 4.590743 83047.206775 300.801 74696.7 0
615 0 0.000000 0.000000 0.000000 0.000000 0.000000 0.000000 300.801 74696.7 0
616 1 1.000000 0.011435 79.488524 182.356025 3.869321 83047.206180 300.801 74740.6 0
617 2 2.000000 0.022870 266.520345 547.068076 814.688332 83047.084649 300.801 75090.7 0
618 3 3.000000 0.034304 589.150236 1094.136152 3948.220574 83046.568380 300.801 75387.7 0
619 5 5.000000 0.057174 1613.149455 2735.340380 26475.677053 83046.611982 300.801 75453.3 0
620 1 1.000000 0.011435 116.894888 182.356025 0.840585 83046.611852 300.801 75517.7 0
621 1 1.000000 0.011435 126.246479 182.356025 3.411362 83046.611326 300.801 75517.8 0
622 5 5.000000 0.057174 2033.971052 2735.340380 28452.243205 83046.980177 300.801 75539 0
623 6 6.000000 0.068609 3043.942885 3829.476533 57079.499827 83057.308242 300.801 77161.3 0
624 7 7.000000 0.080044 4320.435062 5105.968710 103712.528902 83104.424231 300.801 77174.1 0
625 7 7.000000 0.080044 4582.279612 5105.968710 106371.554534 83154.254695 300.801 77176.4 0
626 2 2.000000 0.022870 519.013303 547.068076 1016.886930 83154.100589 300.801 77177.6 0
627 5 5.000000 0.057174 2735.340380 2735.340380 32201.918879 83155.116873 300.801 77193.1 0
628 1 1.000000 0.011435 191.707616 182.356025 5.393484 83155.116021 300.801 77193.3 0
629 0 0.000000 0.000000 0.000000 0.000000 0.000000 0.000000 300.801 77193.3 0
630 2 2.000000 0.022870 631.232395 547.068076 1110.693344 83154.947889 300.801 77193.6 0
631 1 1.000000 0.011435 219.762390 182.356025 1.478399 83154.947656 300.801 77194.2 0
632 2 2.000000 0.022870 687.341942 547.068076 1170.453859 83154.770873 300.801 77209.9 0
633 1 1.000000 0.011435 238.465572 182.356025 2.445747 83154.770486 300.801 77210 0
634 0 0.000000 0.000000 0.000000 0.000000 0.000000 0.000000 300.801 77210 0
635 0 0.000000 0.000000 0.000000 0.000000 0.000000 0.000000 300.801 77210 0
636 0 0.000000 0.000000 0.000000 0.000000 0.000000 0.000000 300.801 77210 0
637 0 0.000000 0.000000 0.000000 0.000000 0.000000 0.000000 300.801 77210 0
638 0 0.000000 0.000000 0.000000 0.000000 0.000000 0.000000 300.801 77210 0
639 0 0.000000 0.000000 0.000000 0.000000 0.000000 0.000000 300.801 77210 0
640 0 0.000000 0.000000 0.000000 0.000000 0.000000 0.000000 300.801 77210 0
641 0 0.000000 0.000000 0.000000 0.000000 0.000000 0.000000 300.801 77210 0
642 0 0.000000 0.000000 0.000000 0.000000 0.000000 0.000000 300.801 77210 0
643 0 0.000000 0.000000 0.000000 0.000000 0.000000 0.000000 300.801 77210 0
644 0 0.000000 0.000000 0.000000 0.000000 0.000000 0.000000 300.801 77210 0
645 1 1.000000 0.011435 51.433751 191.707616 3.734658 83154.769897 300.801 77210.3 0
646 0 0.000000 0.000000 0.000000 0.000000 0.000000 0.000000 300.801 77210.3 0
647 1 1.000000 0.011435 70.136933 191.707616 3.421778 83154.769356 300.801 77210.4 0
648 1 1.000000 0.011435 79.488524 191.707616 2.634267 83154.768940 300.801 77210.6 0
649 1 1.000000 0.011435 88.840115 191.707616 5.846549 83154.768017 300.801 77211.5 0
650 2 2.000000 0.022870 294.575118 575.122849 859.757742 83154.636581 300.801 77211.9 0
651 2 2.000000 0.022870 322.629891 575.122849 882.447413 83154.501784 300.801 77212 0
652 3 3.000000 0.034304 701.369328 1150.245698 4271.305468 83153.934278 300.801 77212.3 0
653 1 1.000000 0.011435 126.246479 191.707616 2.402132 83153.933899 300.801 77212.4 0
654 3 3.000000 0.034304 813.588421 1150.245698 4458.494600 83153.346200 300.801 77212.4 0
655 1 1.000000 0.011435 144.949661 191.707616 2.906318 83153.345740 300.801 77212.4 0
656 2 2.000000 0.022870 462.903757 575.122849 983.820716 83153.195933 300.801 77212.4 0
657 2 2.000000 0.022870 490.958530 575.122849 1016.698422 83153.041304 300.801 77212.4 0
658 4 4.000000 0.045739 1730.044343 1917.076164 14219.484696 83151.980903 300.801 77212.6 0
659 5 5.000000 0.057174 2735.340380 2875.614246 33099.215365 83153.176674 300.801 77215 0
660 3 3.000000 0.034304 1150.245698 1150.245698 5171.654033 83152.513428 300.801 77312.5 0
661 1 1.000000 0.011435 201.059207 191.707616 3.217972 83152.512918 300.801 77312.8 0
662 0 0.000000 0.000000 0.000000 0.000000 0.000000 0.000000 300.801 77312.8 0
663 1 1.000000 0.011435 219.762390 191.707616 4.881646 83152.512143 300.801 77313 0
664 0 0.000000 0.000000 0.000000 0.000000 0.000000 0.000000 300.801 77313 0
665 1 1.000000 0.011435 238.465572 191.707616 2.784476 83152.511701 300.801 77313.1 0
666 1 1.000000 0.011435 247.817163 191.707616 5.294262 83152.510861 300.801 77313.2 0
667 0 0.000000 0.000000 0.000000 0.000000 0.000000 0.000000 300.801 77313.2 0
668 0 0.000000 0.000000 0.000000 0.000000 0.000000 0.000000 300.801 77313.2 0
669 0 0.000000 0.000000 0.000000 0.000000 0.000000 0.000000 300.801 77313.2 0
670 0 0.000000 0.000000 0.000000 0.000000 0.000000 0.000000 300.801 77313.2 0
671 0 0.000000 0.000000 0.000000 0.000000 0.000000 0.000000 300.801 77313.2 0
672 0 0.000000 0.000000 0.000000 0.000000 0.000000 0.000000 300.801 77313.2 0
673 1 1.000000 0.011435 14.027387 201.059207 1.645662 83152.510600 300.801 77315.7 0
674 0 0.000000 0.000000 0.000000 0.000000 0.000000 0.000000 300.801 77315.7 0
675 0 0.000000 0.000000 0.000000 0.000000 0.000000 0.000000 300.801 77315.7 0
676 0 0.000000 0.000000 0.000000 0.000000 0.000000 0.000000 300.801 77315.7 0
677 0 0.000000 0.000000 0.000000 0.000000 0.000000 0.000000 300.801 77315.7 0
678 0 0.000000 0.000000 0.000000 0.000000 0.000000 0.000000 300.801 77315.7 0
679 0 0.000000 0.000000 0.000000 0.000000 0.000000 0.000000 300.801 77315.7 0
680 1 1.000000 0.011435 79.488524 201.059207 4.074865 83152.509954 300.801 77328.1 0
681 0 0.000000 0.000000 0.000000 0.000000 0.000000 0.000000 300.801 77328.1 0
682 1 1.000000 0.011435 98.191706 201.059207 2.314282 83152.509587 300.801 77365.5 0
683 1 1.000000 0.011435 107.543297 201.059207 2.802761 83152.509142 300.801 77418.2 0
684 0 0.000000 0.000000 0.000000 0.000000 0.000000 0.000000 300.801 77418.2 0
685 1 1.000000 0.011435 126.246479 201.059207 3.082455 83152.508653 300.801 77418.5 0
686 1 1.000000 0.011435 135.598070 201.059207 2.611467 83152.508239 300.801 77418.7 0
687 2 2.000000 0.022870 434.848984 603.177622 990.451789 83152.356839 300.801 77419 0
688 2 2.000000 0.022870 462.903757 603.177622 1026.229796 83152.200174 300.801 77434.7 0
689 3 3.000000 0.034304 981.917060 1206.355245 4931.715808 83151.560334 300.801 77530.1 0
690 1 1.000000 0.011435 173.004434 201.059207 3.777590 83151.559734 300.801 77530.3 0
691 1 1.000000 0.011435 182.356025 201.059207 2.914084 83151.559272 300.801 77530.4 0
692 0 0.000000 0.000000 0.000000 0.000000 0.000000 0.000000 300.801 77530.4 0
693 1 1.000000 0.011435 201.059207 201.059207 4.684463 83151.558528 300.801 77530.6 0
694 1 1.000000 0.011435 210.410798 201.059207 3.446908 83151.557981 300.801 77533.4 0
695 2 2.000000 0.022870 659.287169 603.177622 1188.107570 83151.377649 300.801 77589.2 0
696 1 1.000000 0.011435 229.113981 201.059207 3.435991 83151.377104 300.801 77693.9 0
697 1 1.000000 0.011435 238.465572 201.059207 1.596224 83151.376850 300.801 77830.9 0
698 0 0.000000 0.000000 0.000000 0.000000 0.000000 0.000000 300.801 77830.9 0
699 0 0.000000 0.000000 0.000000 0.000000 0.000000 0.000000 300.801 77830.9 0
700 0 0.000000 0.000000 0.000000 0.000000 0.000000 0.000000 300.801 77830.9 0
701 0 0.000000 0.000000 0.000000 0.000000 0.000000 0.000000 300.801 77830.9 0
702 0 0.000000 0.000000 0.000000 0.000000 0.000000 0.000000 300.801 77830.9 0
703 0 0.000000 0.000000 0.000000 0.000000 0.000000 0.000000 300.801 77830.9 0
704 0 0.000000 0.000000 0.000000 0.000000 0.000000 0.000000 300.801 77830.9 0
705 0 0.000000 0.000000 0.000000 0.000000 0.000000 0.000000 300.801 77830.9 0
706 0 0.000000 0.000000 0.000000 0.000000 0.000000 0.000000 300.801 77830.9 0
707 0 0.000000 0.000000 0.000000 0.000000 0.000000 0.000000 300.801 77830.9 0
708 0 0.000000 0.000000 0.000000 0.000000 0.000000 0.000000 300.801 77830.9 0
709 0 0.000000 0.000000 0.000000 0.000000 0.000000 0.000000 300.801 77830.9 0
710 0 0.000000 0.000000 0.000000 0.000000 0.000000 0.000000 300.801 77830.9 0
711 0 0.000000 0.000000 0.000000 0.000000 0.000000 0.000000 300.801 77830.9 0
712 0 0.000000 0.000000 0.000000 0.000000 0.000000 0.000000 300.801 77830.9 0
713 0 0.000000 0.000000 0.000000 0.000000 0.000000 0.000000 300.801 77830.9 0
714 0 0.000000 0.000000 0.000000 0.000000 0.000000 0.000000 300.801 77830.9 0
715 2 2.000000 0.022870 322.629891 631.232395 960.189160 83151.229814 300.801 77831.4 0
716 1 1.000000 0.011435 116.894888 210.410798 3.204898 83151.229305 300.801 77831.5 0
717 2 2.000000 0.022870 378.739437 631.232395 980.523392 83151.079261 300.801 77834.8 0
718 2 2.000000 0.022870 406.794210 631.232395 1000.381409 83150.926283 300.801 77893.6 0
719 1 1.000000 0.011435 144.949661 210.410798 2.836018 83150.925833 300.801 78004.1 0
720 0 0.000000 0.000000 0.000000 0.000000 0.000000 0.000000 300.801 78004.1 0
721 2 2.000000 0.022870 490.958530 631.232395 1063.699233 83150.763555 300.801 78148.7 0
722 0 0.000000 0.000000 0.000000 0.000000 0.000000 0.000000 300.801 78148.7 0
723 2 2.000000 0.022870 547.068076 631.232395 1122.399970 83150.592695 300.801 78149.1 0
724 0 0.000000 0.000000 0.000000 0.000000 0.000000 0.000000 300.801 78149.1 0
725 1 1.000000 0.011435 201.059207 210.410798 3.850072 83150.592083 300.801 78149.3 0
726 0 0.000000 0.000000 0.000000 0.000000 0.000000 0.000000 300.801 78149.3 0
727 1 1.000000 0.011435 219.762390 210.410798 1.535596 83150.591840 300.801 78152.5 0
728 0 0.000000 0.000000 0.000000 0.000000 0.000000 0.000000 300.801 78152.5 0
729 0 0.000000 0.000000 0.000000 0.000000 0.000000 0.000000 300.801 78152.5 0
730 0 0.000000 0.000000 0.000000 0.000000 0.000000 0.000000 300.801 78152.5 0
731 1 1.000000 0.011435 257.168754 210.410798 1.538529 83150.591595 300.801 78168 0
732 0 0.000000 0.000000 0.000000 0.000000 0.000000 0.000000 300.801 78168 0
733 0 0.000000 0.000000 0.000000 0.000000 0.000000 0.000000 300.801 78168 0
734 0 0.000000 0.000000 0.000000 0.000000 0.000000 0.000000 300.801 78168 0
735 0 0.000000 0.000000 0.000000 0.000000 0.000000 0.000000 300.801 78168 0
736 0 0.000000 0.000000 0.000000 0.000000 0.000000 0.000000 300.801 78168 0
737 0 0.000000 0.000000 0.000000 0.000000 0.000000 0.000000 300.801 78168 0
738 0 0.000000 0.000000 0.000000 0.000000 0.000000 0.000000 300.801 78168 0
739 0 0.000000 0.000000 0.000000 0.000000 0.000000 0.000000 300.801 78168 0
740 0 0.000000 0.000000 0.000000 0.000000 0.000000 0.000000 300.801 78168 0
741 0 0.000000 0.000000 0.000000 0.000000 0.000000 0.000000 300.801 78168 0
742 0 0.000000 0.000000 0.000000 0.000000 0.000000 0.000000 300.801 78168 0
743 0 0.000000 0.000000 0.000000 0.000000 0.000000 0.000000 300.801 78168 0
744 0 0.000000 0.000000 0.000000 0.000000 0.000000 0.000000 300.801 78168 0
745 1 1.000000 0.011435 88.840115 219.762390 3.167567 83150.591092 300.801 78214.6 0
746 1 1.000000 0.011435 98.191706 219.762390 5.396070 83150.590235 300.801 78331.3 0
747 1 1.000000 0.011435 107.543297 219.762390 3.340884 83150.589705 300.801 78590.5 0
748 0 0.000000 0.000000 0.000000 0.000000 0.000000 0.000000 300.801 78590.5 0
749 0 0.000000 0.000000 0.000000 0.000000 0.000000 0.000000 300.801 78590.5 0
750 0 0.000000 0.000000 0.000000 0.000000 0.000000 0.000000 300.801 78590.5 0
751 1 1.000000 0.011435 144.949661 219.762390 4.120052 83150.589050 300.801 79116 0
752 0 0.000000 0.000000 0.000000 0.000000 0.000000 0.000000 300.801 79116 0
753 0 0.000000 0.000000 0.000000 0.000000 0.000000 0.000000 300.801 79116 0
754 0 0.000000 0.000000 0.000000 0.000000 0.000000 0.000000 300.801 79116 0
755 0 0.000000 0.000000 0.000000 0.000000 0.000000 0.000000 300.801 79116 0
756 0 0.000000 0.000000 0.000000 0.000000 0.000000 0.000000 300.801 79116 0
757 1 1.000000 0.011435 201.059207 219.762390 3.225766 83150.588538 300.801 79733.5 0
758 0 0.000000 0.000000 0.000000 0.000000 0.000000 0.000000 300.801 79733.5 0
759 0 0.000000 0.000000 0.000000 0.000000 0.000000 0.000000 300.801 79733.5 0
760 0 0.000000 0.000000 0.000000 0.000000 0.000000 0.000000 300.801 79733.5 0
761 0 0.000000 0.000000 0.000000 0.000000 0.000000 0.000000 300.801 79733.5 0
762 0 0.000000 0.000000 0.000000 0.000000 0.000000 0.000000 300.801 79733.5 0
763 0 0.000000 0.000000 0.000000 0.000000 0.000000 0.000000 300.801 79733.5 0
764 0 0.000000 0.000000 0.000000 0.000000 0.000000 0.000000 300.801 79733.5 0
765 0 0.000000 0.000000 0.000000 0.000000 0.000000 0.000000 300.801 79733.5 0
766 0 0.000000 0.000000 0.000000 0.000000 0.000000 0.000000 300.801 79733.5 0
767 0 0.000000 0.000000 0.000000 0.000000 0.000000 0.000000 300.801 79733.5 0
768 0 0.000000 0.000000 0.000000 0.000000 0.000000 0.000000 300.801 79733.5 0
769 0 0.000000 0.000000 0.000000 0.000000 0.000000 0.000000 300.801 79733.5 0
770 0 0.000000 0.000000 0.000000 0.000000 0.000000 0.000000 300.801 79733.5 0
771 0 0.000000 0.000000 0.000000 0.000000 0.000000 0.000000 300.801 79733.5 0
772 0 0.000000 0.000000 0.000000 0.000000 0.000000 0.000000 300.801 79733.5 0
773 0 0.000000 0.000000 0.000000 0.000000 0.000000 0.000000 300.801 79733.5 0
774 0 0.000000 0.000000 0.000000 0.000000 0.000000 0.000000 300.801 79733.5 0
775 0 0.000000 0.000000 0.000000 0.000000 0.000000 0.000000 300.801 79733.5 0
776 0 0.000000 0.000000 0.000000 0.000000 0.000000 0.000000 300.801 79733.5 0
777 0 0.000000 0.000000 0.000000 0.000000 0.000000 0.000000 300.801 79733.5 0
778 1 1.000000 0.011435 98.191706 229.113981 4.656005 83150.587799 300.801 79733.5 0
779 0 0.000000 0.000000 0.000000 0.000000 0.000000 0.000000 300.801 79733.5 0
780 0 0.000000 0.000000 0.000000 0.000000 0.000000 0.000000 300.801 79733.5 0
781 0 0.000000 0.000000 0.000000 0.000000 0.000000 0.000000 300.801 79733.5 0
782 0 0.000000 0.000000 0.000000 0.000000 0.000000 0.000000 300.801 79733.5 0
783 1 1.000000 0.011435 144.949661 229.113981 2.919786 83150.587335 300.801 79733.5 0
784 0 0.000000 0.000000 0.000000 0.000000 0.000000 0.000000 300.801 79733.5 0
785 0 0.000000 0.000000 0.000000 0.000000 0.000000 0.000000 300.801 79733.5 0
786 1 1.000000 0.011435 173.004434 229.113981 3.963808 83150.586706 300.801 79733.5 0
787 0 0.000000 0.000000 0.000000 0.000000 0.000000 0.000000 300.801 79733.5 0
788 0 0.000000 0.000000 0.000000 0.000000 0.000000 0.000000 300.801 79733.5 0
789 1 1.000000 0.011435 201.059207 229.113981 1.749540 83150.586428 300.801 79733.5 0
790 0 0.000000 0.000000 0.000000 0.000000 0.000000 0.000000 300.801 79733.5 0
791 1 1.000000 0.011435 219.762390 229.113981 5.080930 83150.585621 300.801 79733.5 0
792 1 1.000000 0.011435 229.113981 229.113981 5.057845 83150.584818 300.801 79733.5 0
793 0 0.000000 0.000000 0.000000 0.000000 0.000000 0.000000 300.801 79733.5 0
794 0 0.000000 0.000000 0.000000 0.000000 0.000000 0.000000 300.801 79733.5 0
795 0 0.000000 0.000000 0.000000 0.000000 0.000000 0.000000 300.801 79733.5 0
796 0 0.000000 0.000000 0.000000 0.000000 0.000000 0.000000 300.801 79733.5 0
797 0 0.000000 0.000000 0.000000 0.000000 0.000000 0.000000 300.801 79733.5 0
798 0 0.000000 0.000000 0.000000 0.000000 0.000000 0.000000 300.801 79733.5 0
799 0 0.000000 0.000000 0.000000 0.000000 0.000000 0.000000 300.801 79733.5 0
800 0 0.000000 0.000000 0.000000 0.000000 0.000000 0.000000 300.801 79733.5 0
801 0 0.000000 0.000000 0.000000 0.000000 0.000000 0.000000 300.801 79733.5 0
802 0 0.000000 0.000000 0.000000 0.000000 0.000000 0.000000 300.801 79733.5 0
803 0 0.000000 0.000000 0.000000 0.000000 0.000000 0.000000 300.801 79733.5 0
804 0 0.000000 0.000000 0.000000 0.000000 0.000000 0.000000 300.801 79733.5 0
805 0 0.000000 0.000000 0.000000 0.000000 0.000000 0.000000 300.801 79733.5 0
806 0 0.000000 0.000000 0.000000 0.000000 0.000000 0.000000 300.801 79733.5 0
807 0 0.000000 0.000000 0.000000 0.000000 0.000000 0.000000 300.801 79733.5 0
808 0 0.000000 0.000000 0.000000 0.000000 0.000000 0.000000 300.801 79733.5 0
809 0 0.000000 0.000000 0.000000 0.000000 0.000000 0.000000 300.801 79733.5 0
810 0 0.000000 0.000000 0.000000 0.000000 0.000000 0.000000 300.801 79733.5 0
811 0 0.000000 0.000000 0.000000 0.000000 0.000000 0.000000 300.801 79733.5 0
812 0 0.000000 0.000000 0.000000 0.000000 0.000000 0.000000 300.801 79733.5 0
813 0 0.000000 0.000000 0.000000 0.000000 0.000000 0.000000 300.801 79733.5 0
814 0 0.000000 0.000000 0.000000 0.000000 0.000000 0.000000 300.801 79733.5 0
815 0 0.000000 0.000000 0.000000 0.000000 0.000000 0.000000 300.801 79733.5 0
816 0 0.000000 0.000000 0.000000 0.000000 0.000000 0.000000 300.801 79733.5 0
817 0 0.000000 0.000000 0.000000 0.000000 0.000000 0.000000 300.801 79733.5 0
818 0 0.000000 0.000000 0.000000 0.000000 0.000000 0.000000 300.801 79733.5 0
819 0 0.000000 0.000000 0.000000 0.000000 0.000000 0.000000 300.801 79733.5 0
820 0 0.000000 0.000000 0.000000 0.000000 0.000000 0.000000 300.801 79733.5 0
821 1 1.000000 0.011435 201.059207 238.465572 4.627232 83150.584083 300.801 79733.5 0
822 0 0.000000 0.000000 0.000000 0.000000 0.000000 0.000000 300.801 79733.5 0
823 0 0.000000 0.000000 0.000000 0.000000 0.000000 0.000000 300.801 79733.5 0
824 0 0.000000 0.000000 0.000000 0.000000 0.000000 0.000000 300.801 79733.5 0
825 0 0.000000 0.000000 0.000000 0.000000 0.000000 0.000000 300.801 79733.5 0
826 0 0.000000 0.000000 0.000000 0.000000 0.000000 0.000000 300.801 79733.5 0
827 0 0.000000 0.000000 0.000000 0.000000 0.000000 0.000000 300.801 79733.5 0
828 0 0.000000 0.000000 0.000000 0.000000 0.000000 0.000000 300.801 79733.5 0
829 0 0.000000 0.000000 0.000000 0.000000 0.000000 0.000000 300.801 79733.5 0
830 0 0.000000 0.000000 0.000000 0.000000 0.000000 0.000000 300.801 79733.5 0
831 0 0.000000 0.000000 0.000000 0.000000 0.000000 0.000000 300.801 79733.5 0
832 0 0.000000 0.000000 0.000000 0.000000 0.000000 0.000000 300.801 79733.5 0
833 0 0.000000 0.000000 0.000000 0.000000 0.000000 0.000000 300.801 79733.5 0
834 0 0.000000 0.000000 0.000000 0.000000 0.000000 0.000000 300.801 79733.5 0
835 0 0.000000 0.000000 0.000000 0.000000 0.000000 0.000000 300.801 79733.5 0
836 0 0.000000 0.000000 0.000000 0.000000 0.000000 0.000000 300.801 79733.5 0
837 0 0.000000 0.000000 0.000000 0.000000 0.000000 0.000000 300.801 79733.5 0
838 0 0.000000 0.000000 0.000000 0.000000 0.000000 0.000000 300.801 79733.5 0
839 0 0.000000 0.000000 0.000000 0.000000 0.000000 0.000000 300.801 79733.5 0
840 0 0.000000 0.000000 0.000000 0.000000 0.000000 0.000000 300.801 79733.5 0
841 0 0.000000 0.000000 0.000000 0.000000 0.000000 0.000000 300.801 79733.5 0
842 0 0.000000 0.000000 0.000000 0.000000 0.000000 0.000000 300.801 79733.5 0
843 0 0.000000 0.000000 0.000000 0.000000 0.000000 0.000000 300.801 79733.5 0
844 0 0.000000 0.000000 0.000000 0.000000 0.000000 0.000000 300.801 79733.5 0
845 0 0.000000 0.000000 0.000000 0.000000 0.000000 0.000000 300.801 79733.5 0
846 0 0.000000 0.000000 0.000000 0.000000 0.000000 0.000000 300.801 79733.5 0
847 0 0.000000 0.000000 0.000000 0.000000 0.000000 0.000000 300.801 79733.5 0
848 0 0.000000 0.000000 0.000000 0.000000 0.000000 0.000000 300.801 79733.5 0
849 0 0.000000 0.000000 0.000000 0.000000 0.000000 0.000000 300.801 79733.5 0
850 0 0.000000 0.000000 0.000000 0.000000 0.000000 0.000000 300.801 79733.5 0
851 0 0.000000 0.000000 0.000000 0.000000 0.000000 0.000000 300.801 79733.5 0
852 0 0.000000 0.000000 0.000000 0.000000 0.000000 0.000000 300.801 79733.5 0
853 0 0.000000 0.000000 0.000000 0.000000 0.000000 0.000000 300.801 79733.5 0
854 0 0.000000 0.000000 0.000000 0.000000 0.000000 0.000000 300.801 79733.5 0
855 0 0.000000 0.000000 0.000000 0.000000 0.000000 0.000000 300.801 79733.5 0
856 0 0.000000 0.000000 0.000000 0.000000 0.000000 0.000000 300.801 79733.5 0
857 0 0.000000 0.000000 0.000000 0.000000 0.000000 0.000000 300.801 79733.5 0
858 0 0.000000 0.000000 0.000000 0.000000 0.000000 0.000000 300.801 79733.5 0
859 0 0.000000 0.000000 0.000000 0.000000 0.000000 0.000000 300.801 79733.5 0
860 0 0.000000 0.000000 0.000000 0.000000 0.000000 0.000000 300.801 79733.5 0
861 0 0.000000 0.000000 0.000000 0.000000 0.000000 0.000000 300.801 79733.5 0
862 0 0.000000 0.000000 0.000000 0.000000 0.000000 0.000000 300.801 79733.5 0
863 0 0.000000 0.000000 0.000000 0.000000 0.000000 0.000000 300.801 79733.5 0
864 0 0.000000 0.000000 0.000000 0.000000 0.000000 0.000000 300.801 79733.5 0
865 0 0.000000 0.000000 0.000000 0.000000 0.000000 0.000000 300.801 79733.5 0
866 0 0.000000 0.000000 0.000000 0.000000 0.000000 0.000000 300.801 79733.5 0
867 0 0.000000 0.000000 0.000000 0.000000 0.000000 0.000000 300.801 79733.5 0
868 0 0.000000 0.000000 0.000000 0.000000 0.000000 0.000000 300.801 79733.5 0
869 0 0.000000 0.000000 0.000000 0.000000 0.000000 0.000000 300.801 79733.5 0
870 0 0.000000 0.000000 0.000000 0.000000 0.000000 0.000000 300.801 79733.5 0
871 0 0.000000 0.000000 0.000000 0.000000 0.000000 0.000000 300.801 79733.5 0
872 0 0.000000 0.000000 0.000000 0.000000 0.000000 0.000000 300.801 79733.5 0
873 0 0.000000 0.000000 0.000000 0.000000 0.000000 0.000000 300.801 79733.5 0
874 0 0.000000 0.000000 0.000000 0.000000 0.000000 0.000000 300.801 79733.5 0
875 0 0.000000 0.000000 0.000000 0.000000 0.000000 0.000000 300.801 79733.5 0
876 0 0.000000 0.000000 0.000000 0.000000 0.000000 0.000000 300.801 79733.5 0
877 0 0.000000 0.000000 0.000000 0.000000 0.000000 0.000000 300.801 79733.5 0
878 0 0.000000 0.000000 0.000000 0.000000 0.000000 0.000000 300.801 79733.5 0
879 0 0.000000 0.000000 0.000000 0.000000 0.000000 0.000000 300.801 79733.5 0
880 0 0.000000 0.000000 0.000000 0.000000 0.000000 0.000000 300.801 79733.5 0
881 0 0.000000 0.000000 0.000000 0.000000 0.000000 0.000000 300.801 79733.5 0
882 0 0.000000 0.000000 0.000000 0.000000 0.000000 0.000000 300.801 79733.5 0
883 0 0.000000 0.000000 0.000000 0.000000 0.000000 0.000000 300.801 79733.5 0
884 0 0.000000 0.000000 0.000000 0.000000 0.000000 0.000000 300.801 79733.5 0
885 0 0.000000 0.000000 0.000000 0.000000 0.000000 0.000000 300.801 79733.5 0
886 0 0.000000 0.000000 0.000000 0.000000 0.000000 0.000000 300.801 79733.5 0
887 0 0.000000 0.000000 0.000000 0.000000 0.000000 0.000000 300.801 79733.5 0
888 0 0.000000 0.000000 0.000000 0.000000 0.000000 0.000000 300.801 79733.5 0
889 0 0.000000 0.000000 0.000000 0.000000 0.000000 0.000000 300.801 79733.5 0
890 0 0.000000 0.000000 0.000000 0.000000 0.000000 0.000000 300.801 79733.5 0
891 0 0.000000 0.000000 0.000000 0.000000 0.000000 0.000000 300.801 79733.5 0
892 0 0.000000 0.000000 0.000000 0.000000 0.000000 0.000000 300.801 79733.5 0
893 0 0.000000 0.000000 0.000000 0.000000 0.000000 0.000000 300.801 79733.5 0
894 0 0.000000 0.000000 0.000000 0.000000 0.000000 0.000000 300.801 79733.5 0
895 0 0.000000 0.000000 0.000000 0.000000 0.000000 0.000000 300.801 79733.5 0
896 0 0.000000 0.000000 0.000000 0.000000 0.000000 0.000000 300.801 79733.5 0
897 0 0.000000 0.000000 0.000000 0.000000 0.000000 0.000000 300.801 79733.5 0
898 0 0.000000 0.000000 0.000000 0.000000 0.000000 0.000000 300.801 79733.5 0
899 0 0.000000 0.000000 0.000000 0.000000 0.000000 0.000000 300.801 79733.5 0
900 0 0.000000 0.000000 0.000000 0.000000 0.000000 0.000000 300.801 79733.5 0
901 0 0.000000 0.000000 0.000000 0.000000 0.000000 0.000000 300.801 79733.5 0
902 0 0.000000 0.000000 0.000000 0.000000 0.000000 0.000000 300.801 79733.5 0
903 0 0.000000 0.000000 0.000000 0.000000 0.000000 0.000000 300.801 79733.5 0
904 0 0.000000 0.000000 0.000000 0.000000 0.000000 0.000000 300.801 79733.5 0
905 0 0.000000 0.000000 0.000000 0.000000 0.000000 0.000000 300.801 79733.5 0
906 0 0.000000 0.000000 0.000000 0.000000 0.000000 0.000000 300.801 79733.5 0
907 0 0.000000 0.000000 0.000000 0.000000 0.000000 0.000000 300.801 79733.5 0
908 0 0.000000 0.000000 0.000000 0.000000 0.000000 0.000000 300.801 79733.5 0
909 0 0.000000 0.000000 0.000000 0.000000 0.000000 0.000000 300.801 79733.5 0
910 0 0.000000 0.000000 0.000000 0.000000 0.000000 0.000000 300.801 79733.5 0
911 0 0.000000 0.000000 0.000000 0.000000 0.000000 0.000000 300.801 79733.5 0
912 0 0.000000 0.000000 0.000000 0.000000 0.000000 0.000000 300.801 79733.5 0
913 0 0.000000 0.000000 0.000000 0.000000 0.000000 0.000000 300.801 79733.5 0
914 0 0.000000 0.000000 0.000000 0.000000 0.000000 0.000000 300.801 79733.5 0
915 0 0.000000 0.000000 0.000000 0.000000 0.000000 0.000000 300.801 79733.5 0
916 0 0.000000 0.000000 0.000000 0.000000 0.000000 0.000000 300.801 79733.5 0
917 0 0.000000 0.000000 0.000000 0.000000 0.000000 0.000000 300.801 79733.5 0
918 0 0.000000 0.000000 0.000000 0.000000 0.000000 0.000000 300.801 79733.5 0
919 0 0.000000 0.000000 0.000000 0.000000 0.000000 0.000000 300.801 79733.5 0
920 0 0.000000 0.000000 0.000000 0.000000 0.000000 0.000000 300.801 79733.5 0
921 0 0.000000 0.000000 0.000000 0.000000 0.000000 0.000000 300.801 79733.5 0
922 0 0.000000 0.000000 0.000000 0.000000 0.000000 0.000000 300.801 79733.5 0
923 0 0.000000 0.000000 0.000000 0.000000 0.000000 0.000000 300.801 79733.5 0
924 0 0.000000 0.000000 0.000000 0.000000 0.000000 0.000000 300.801 79733.5 0
925 0 0.000000 0.000000 0.000000 0.000000 0.000000 0.000000 300.801 79733.5 0
926 0 0.000000 0.000000 0.000000 0.000000 0.000000 0.000000 300.801 79733.5 0
927 0 0.000000 0.000000 0.000000 0.000000 0.000000 0.000000 300.801 79733.5 0
928 0 0.000000 0.000000 0.000000 0.000000 0.000000 0.000000 300.801 79733.5 0
929 0 0.000000 0.000000 0.000000 0.000000 0.000000 0.000000 300.801 79733.5 0
930 0 0.000000 0.000000 0.000000 0.000000 0.000000 0.000000 300.801 79733.5 0
931 0 0.000000 0.000000 0.000000 0.000000 0.000000 0.000000 300.801 79733.5 0
932 0 0.000000 0.000000 0.000000 0.000000 0.000000 0.000000 300.801 79733.5 0
933 0 0.000000 0.000000 0.000000 0.000000 0.000000 0.000000 300.801 79733.5 0
934 0 0.000000 0.000000 0.000000 0.000000 0.000000 0.000000 300.801 79733.5 0
935 0 0.000000 0.000000 0.000000 0.000000 0.000000 0.000000 300.801 79733.5 0
936 0 0.000000 0.000000 0.000000 0.000000 0.000000 0.000000 300.801 79733.5 0
937 0 0.000000 0.000000 0.000000 0.000000 0.000000 0.000000 300.801 79733.5 0
938 0 0.000000 0.000000 0.000000 0.000000 0.000000 0.000000 300.801 79733.5 0
939 0 0.000000 0.000000 0.000000 0.000000 0.000000 0.000000 300.801 79733.5 0
940 0 0.000000 0.000000 0.000000 0.000000 0.000000 0.000000 300.801 79733.5 0
941 0 0.000000 0.000000 0.000000 0.000000 0.000000 0.000000 300.801 79733.5 0
942 0 0.000000 0.000000 0.000000 0.000000 0.000000 0.000000 300.801 79733.5 0
943 0 0.000000 0.000000 0.000000 0.000000 0.000000 0.000000 300.801 79733.5 0
944 0 0.000000 0.000000 0.000000 0.000000 0.000000 0.000000 300.801 79733.5 0
945 0 0.000000 0.000000 0.000000 0.000000 0.000000 0.000000 300.801 79733.5 0
946 0 0.000000 0.000000 0.000000 0.000000 0.000000 0.000000 300.801 79733.5 0
947 0 0.000000 0.000000 0.000000 0.000000 0.000000 0.000000 300.801 79733.5 0
948 0 0.000000 0.000000 0.000000 0.000000 0.000000 0.000000 300.801 79733.5 0
949 0 0.000000 0.000000 0.000000 0.000000 0.000000 0.000000 300.801 79733.5 0
950 0 0.000000 0.000000 0.000000 0.000000 0.000000 0.000000 300.801 79733.5 0
951 0 0.000000 0.000000 0.000000 0.000000 0.000000 0.000000 300.801 79733.5 0
952 0 0.000000 0.000000 0.000000 0.000000 0.000000 0.000000 300.801 79733.5 0
953 0 0.000000 0.000000 0.000000 0.000000 0.000000 0.000000 300.801 79733.5 0
954 0 0.000000 0.000000 0.000000 0.000000 0.000000 0.000000 300.801 79733.5 0
955 0 0.000000 0.000000 0.000000 0.000000 0.000000 0.000000 300.801 79733.5 0
956 0 0.000000 0.000000 0.000000 0.000000 0.000000 0.000000 300.801 79733.5 0
957 0 0.000000 0.000000 0.000000 0.000000 0.000000 0.000000 300.801 79733.5 0
958 0 0.000000 0.000000 0.000000 0.000000 0.000000 0.000000 300.801 79733.5 0
959 0 0.000000 0.000000 0.000000 0.000000 0.000000 0.000000 300.801 79733.5 0
960 0 0.000000 0.000000 0.000000 0.000000 0.000000 0.000000 300.801 79733.5 0
961 0 0.000000 0.000000 0.000000 0.000000 0.000000 0.000000 300.801 79733.5 0
962 0 0.000000 0.000000 0.000000 0.000000 0.000000 0.000000 300.801 79733.5 0
963 0 0.000000 0.000000 0.000000 0.000000 0.000000 0.000000 300.801 79733.5 0
964 0 0.000000 0.000000 0.000000 0.000000 0.000000 0.000000 300.801 79733.5 0
965 0 0.000000 0.000000 0.000000 0.000000 0.000000 0.000000 300.801 79733.5 0
966 0 0.000000 0.000000 0.000000 0.000000 0.000000 0.000000 300.801 79733.5 0
967 0 0.000000 0.000000 0.000000 0.000000 0.000000 0.000000 300.801 79733.5 0
968 0 0.000000 0.000000 0.000000 0.000000 0.000000 0.000000 300.801 79733.5 0
969 0 0.000000 0.000000 0.000000 0.000000 0.000000 0.000000 300.801 79733.5 0
970 0 0.000000 0.000000 0.000000 0.000000 0.000000 0.000000 300.801 79733.5 0
971 0 0.000000 0.000000 0.000000 0.000000 0.000000 0.000000 300.801 79733.5 0
972 0 0.000000 0.000000 0.000000 0.000000 0.000000 0.000000 300.801 79733.5 0
973 0 0.000000 0.000000 0.000000 0.000000 0.000000 0.000000 300.801 79733.5 0
974 0 0.000000 0.000000 0.000000 0.000000 0.000000 0.000000 300.801 79733.5 0
975 0 0.000000 0.000000 0.000000 0.000000 0.000000 0.000000 300.801 79733.5 0
976 0 0.000000 0.000000 0.000000 0.000000 0.000000 0.000000 300.801 79733.5 0
977 0 0.000000 0.000000 0.000000 0.000000 0.000000 0.000000 300.801 79733.5 0
978 0 0.000000 0.000000 0.000000 0.000000 0.000000 0.000000 300.801 79733.5 0
979 0 0.000000 0.000000 0.000000 0.000000 0.000000 0.000000 300.801 79733.5 0
980 0 0.000000 0.000000 0.000000 0.000000 0.000000 0.000000 300.801 79733.5 0
981 0 0.000000 0.000000 0.000000 0.000000 0.000000 0.000000 300.801 79733.5 0
982 0 0.000000 0.000000 0.000000 0.000000 0.000000 0.000000 300.801 79733.5 0
983 0 0.000000 0.000000 0.000000 0.000000 0.000000 0.000000 300.801 79733.5 0
984 0 0.000000 0.000000 0.000000 0.000000 0.000000 0.000000 300.801 79733.5 0
985 0 0.000000 0.000000 0.000000 0.000000 0.000000 0.000000 300.801 79733.5 0
986 0 0.000000 0.000000 0.000000 0.000000 0.000000 0.000000 300.801 79733.5 0
987 0 0.000000 0.000000 0.000000 0.000000 0.000000 0.000000 300.801 79733.5 0
988 0 0.000000 0.000000 0.000000 0.000000 0.000000 0.000000 300.801 79733.5 0
989 0 0.000000 0.000000 0.000000 0.000000 0.000000 0.000000 300.801 79733.5 0
990 0 0.000000 0.000000 0.000000 0.000000 0.000000 0.000000 300.801 79733.5 0
991 0 0.000000 0.000000 0.000000 0.000000 0.000000 0.000000 300.801 79733.5 0
992 0 0.000000 0.000000 0.000000 0.000000 0.000000 0.000000 300.801 79733.5 0
993 0 0.000000 0.000000 0.000000 0.000000 0.000000 0.000000 300.801 79733.5 0
994 0 0.000000 0.000000 0.000000 0.000000 0.000000 0.000000 300.801 79733.5 0
995 0 0.000000 0.000000 0.000000 0.000000 0.000000 0.000000 300.801 79733.5 0
996 0 0.000000 0.000000 0.000000 0.000000 0.000000 0.000000 300.801 79733.5 0
997 0 0.000000 0.000000 0.000000 0.000000 0.000000 0.000000 300.801 79733.5 0
998 0 0.000000 0.000000 0.000000 0.000000 0.000000 0.000000 300.801 79733.5 0
999 0 0.000000 0.000000 0.000000 0.000000 0.000000 0.000000 300.801 79733.5 0
1000 0 0.000000 0.000000 0.000000 0.000000 0.000000 0.000000 300.801 79733.5 0
1001 0 0.000000 0.000000 0.000000 0.000000 0.000000 0.000000 300.801 79733.5 0
1002 0 0.000000 0.000000 0.000000 0.000000 0.000000 0.000000 300.801 79733.5 0
1003 0 0.000000 0.000000 0.000000 0.000000 0.000000 0.000000 300.801 79733.5 0
1004 0 0.000000 0.000000 0.000000 0.000000 0.000000 0.000000 300.801 79733.5 0
1005 0 0.000000 0.000000 0.000000 0.000000 0.000000 0.000000 300.801 79733.5 0
1006 0 0.000000 0.000000 0.000000 0.000000 0.000000 0.000000 300.801 79733.5 0
1007 0 0.000000 0.000000 0.000000 0.000000 0.000000 0.000000 300.801 79733.5 0
1008 0 0.000000 0.000000 0.000000 0.000000 0.000000 0.000000 300.801 79733.5 0
1009 0 0.000000 0.000000 0.000000 0.000000 0.000000 0.000000 300.801 79733.5 0
1010 0 0.000000 0.000000 0.000000 0.000000 0.000000 0.000000 300.801 79733.5 0
1011 0 0.000000 0.000000 0.000000 0.000000 0.000000 0.000000 300.801 79733.5 0
1012 0 0.000000 0.000000 0.000000 0.000000 0.000000 0.000000 300.801 79733.5 0
1013 0 0.000000 0.000000 0.000000 0.000000 0.000000 0.000000 300.801 79733.5 0
1014 0 0.000000 0.000000 0.000000 0.000000 0.000000 0.000000 300.801 79733.5 0
1015 0 0.000000 0.000000 0.000000 0.000000 0.000000 0.000000 300.801 79733.5 0
1016 0 0.000000 0.000000 0.000000 0.000000 0.000000 0.000000 300.801 79733.5 0
1017 0 0.000000 0.000000 0.000000 0.000000 0.000000 0.000000 300.801 79733.5 0
1018 0 0.000000 0.000000 0.000000 0.000000 0.000000 0.000000 300.801 79733.5 0
1019 0 0.000000 0.000000 0.000000 0.000000 0.000000 0.000000 300.801 79733.5 0
1020 0 0.000000 0.000000 0.000000 0.000000 0.000000 0.000000 300.801 79733.5 0
1021 0 0.000000 0.000000 0.000000 0.000000 0.000000 0.000000 300.801 79733.5 0
1022 0 0.000000 0.000000 0.000000 0.000000 0.000000 0.000000 300.801 79733.5 0
1023 0 0.000000 0.000000 0.000000 0.000000 0.000000 0.000000 300.801 79733.5 0
