6.283744 13.467126 13.467126
84.698812 199.165854 199.165854
62.291211 141.991237 141.991237
123.363420 102.775391 102.775391
25.962932 192.513281 192.513281
40.070860 148.038066 148.038066
35.313314 156.235490 156.235490
43.593224 195.457142 195.457142
33.557650 152.513862 152.513862
43.667429 131.983392 131.983392
31.413600 189.049665 189.049665
32.830229 143.355845 143.355845
30.846312 154.902936 154.902936
23.626366 159.127279 159.127279
44.071409 201.751637 201.751637
14.924021 159.251134 159.251134
77.867737 123.267706 123.267706
27.313390 192.567793 192.567793
24.127503 180.255536 180.255536
78.282811 227.954167 227.954167
77.991999 250.985011 250.985011
43.124216 132.354909 132.354909
105.716562 242.945600 242.945600
94.231690 263.099903 263.099903
22.829968 150.759122 150.759122
61.740017 214.486946 214.486946
23.215473 186.186830 186.186830
25.396531 191.387341 191.387341
66.123557 222.783975 222.783975
60.228145 173.062088 173.062088
16.236309 168.657066 168.657066
18.210896 154.930732 154.930732
86.799120 178.299401 178.299401
48.631228 216.484558 216.484558
37.676802 183.857630 183.857630
69.289973 207.185364 207.185364
44.810678 183.697950 183.697950
44.189340 199.676912 199.676912
100.724494 258.837738 258.837738
102.356712 269.492287 269.492287
45.491378 174.472691 174.472691
19.428233 188.236038 188.236038
120.583869 99.816881 99.816881
114.065918 88.623877 88.623877
35.628636 132.949879 132.949879
14.995844 165.248528 165.248528
90.072466 95.709717 95.709717
33.609771 192.395499 192.395499
92.255049 243.168313 243.168313
37.985718 200.344447 200.344447
30.915369 178.250093 178.250093
63.203090 226.057875 226.057875
106.544649 247.683870 247.683870
55.421552 111.452658 111.452658
72.180382 115.269943 115.269943
83.243792 205.074239 205.074239
54.328384 129.042311 129.042311
69.348959 224.432062 224.432062
18.843015 184.420434 184.420434
63.187679 185.805716 185.805716
59.374708 198.501842 198.501842
36.339188 160.616159 160.616159
16.882103 167.171800 167.171800
58.173757 223.113442 223.113442
40.217314 186.130489 186.130489
33.670399 172.755844 172.755844
35.832994 163.713311 163.713311
16.781376 160.357588 160.357588
27.364283 171.677025 171.677025
14.055731 174.427981 174.427981
141.235339 295.542667 295.542667
61.967192 210.371191 210.371191
74.604358 251.494721 251.494721
8.456822 179.826756 179.826756
126.036295 103.676585 103.676585
3.493345 184.481759 184.481759
8.686945 183.736945 183.736945
39.348497 199.620587 199.620587
7.392356 180.036096 180.036096
39.814466 216.507548 216.507548
75.074969 171.937009 171.937009
57.521979 168.047033 168.047033
16.221498 202.081636 202.081636
34.969170 207.021833 207.021833
29.670833 212.325728 212.325728
32.279194 153.706765 153.706765
73.020793 170.954910 170.954910
35.170764 151.551385 151.551385
79.966883 208.364296 208.364296
56.540822 228.905494 228.905494
68.120193 246.510162 246.510162
70.231080 235.034042 235.034042
51.602356 134.645798 134.645798
40.992766 155.237221 155.237221
56.828580 187.596233 187.596233
20.480447 163.723631 163.723631
43.016618 169.897094 169.897094
104.093520 277.997596 277.997596
19.756033 178.196664 178.196664
16.373814 166.752340 166.752340
15.369286 195.103406 195.103406
5.630472 180.590776 180.590776
51.305438 134.257632 134.257632
36.646869 218.187783 218.187783
89.159598 114.697553 114.697553
44.005347 175.183347 175.183347
67.099025 243.895235 243.895235
54.322967 208.273415 208.273415
38.941087 219.975112 219.975112
38.363807 203.044196 203.044196
31.604842 210.755576 210.755576
90.571963 184.076598 184.076598
84.216517 103.286248 103.286248
59.754423 134.218625 134.218625
76.683521 130.149123 130.149123
16.883509 185.484608 185.484608
15.218070 187.539201 187.539201
21.331003 170.236081 170.236081
18.931519 186.547416 186.547416
13.748574 192.021698 192.021698
34.851591 154.998879 154.998879
100.920684 191.008311 191.008311
80.800187 98.914955 98.914955
55.430324 207.374037 207.374037
28.623656 149.701323 149.701323
144.807663 270.919027 270.919027
22.275609 187.199932 187.199932
68.363902 250.955409 250.955409
68.917942 121.453920 121.453920
56.872921 223.013741 223.013741
69.596884 174.182478 174.182478
24.308516 158.441561 158.441561
18.932607 164.292368 164.292368
15.068170 194.740275 194.740275
34.022591 148.401784 148.401784
76.033578 216.258739 216.258739
18.478153 193.096942 193.096942
59.682347 221.227380 221.227380
26.662935 157.458700 157.458700
33.970515 187.175414 187.175414
29.597778 208.824114 208.824114
74.705601 200.952771 200.952771
33.816868 211.769622 211.769622
26.138015 199.290858 199.290858
74.434812 253.259358 253.259358
17.921000 188.245136 188.245136
19.457403 168.077288 168.077288
41.987184 199.129035 199.129035
45.644950 197.615117 197.615117
60.369752 121.160946 121.160946
23.972725 195.988841 195.988841
47.082887 141.478221 141.478221
32.176011 200.497430 200.497430
34.883588 208.805631 208.805631
70.291178 220.849747 220.849747
74.987918 118.668062 118.668062
50.964528 216.814716 216.814716
27.390588 166.298745 166.298745
101.073858 275.874711 275.874711
20.996381 195.100535 195.100535
82.393001 115.652429 115.652429
56.234101 197.271479 197.271479
65.901315 110.209487 110.209487
38.892474 176.604406 176.604406
26.423971 194.440101 194.440101
76.884909 115.083224 115.083224
17.134443 171.899356 171.899356
31.824934 170.933707 170.933707
21.471061 186.444133 186.444133
4.636187 178.444750 178.444750
86.141958 208.253750 208.253750
2.775642 171.476981 171.476981
118.904282 92.031776 92.031776
34.467910 158.600563 158.600563
5.055436 177.670937 177.670937
74.154111 210.742774 210.742774
41.296389 181.624541 181.624541
70.045039 104.642438 104.642438
83.825154 255.460231 255.460231
32.582268 190.619761 190.619761
47.898242 218.703001 218.703001
69.167015 220.842934 220.842934
32.496646 195.046524 195.046524
41.906770 191.640728 191.640728
8.385569 174.954470 174.954470
47.641103 181.436091 181.436091
11.065747 168.516066 168.516066
54.117606 168.393067 168.393067
57.578819 197.105411 197.105411
25.492543 184.681732 184.681732
46.165671 130.423152 130.423152
46.560336 141.337434 141.337434
11.932619 180.413748 180.413748
80.858050 236.279113 236.279113
21.259187 182.587145 182.587145
58.069766 224.471199 224.471199
120.295940 152.272289 152.272289
67.095772 211.070312 211.070312
36.468888 168.851594 168.851594
131.661404 48.105145 48.105145
30.539876 162.068420 162.068420
38.382865 198.377538 198.377538
51.284738 132.132397 132.132397
88.108616 115.240796 115.240796
17.620188 164.277716 164.277716
12.024898 162.846617 162.846617
33.459438 193.993098 193.993098
58.445025 224.433864 224.433864
58.197383 180.711902 180.711902
7.560793 158.235191 158.235191
51.326788 131.890028 131.890028
39.674800 191.147319 191.147319
19.842147 161.711240 161.711240
27.829351 157.301076 157.301076
19.256400 177.141493 177.141493
40.210542 204.314131 204.314131
21.328303 181.738914 181.738914
35.022914 183.944215 183.944215
33.489391 152.651939 152.651939
13.575060 149.911990 149.911990
43.415391 120.030632 120.030632
14.530874 154.533288 154.533288
49.549709 212.086310 212.086310
94.711719 100.243381 100.243381
30.084285 148.448705 148.448705
47.711657 182.548265 182.548265
100.025903 256.301165 256.301165
89.746899 216.591168 216.591168
18.048200 170.726965 170.726965
64.890903 174.143377 174.143377
84.695309 200.720901 200.720901
64.644549 143.764381 143.764381
76.439404 84.489313 84.489313
41.590695 122.449191 122.449191
93.829961 192.993356 192.993356
51.209108 160.958729 160.958729
36.918260 195.282681 195.282681
39.159663 176.017505 176.017505
89.274508 86.067330 86.067330
52.854346 167.989142 167.989142
30.927649 175.190210 175.190210
27.824214 181.963228 181.963228
18.529070 143.558995 143.558995
25.546346 145.149724 145.149724
35.301461 123.152856 123.152856
49.673885 109.186369 109.186369
66.668251 185.060619 185.060619
27.805470 183.052825 183.052825
62.518919 207.981616 207.981616
45.979527 197.728065 197.728065
3.702644 157.246844 157.246844
30.470465 160.661718 160.661718
66.197363 119.557715 119.557715
128.106545 265.194404 265.194404
56.124005 145.225988 145.225988
20.817198 138.774320 138.774320
24.654548 180.436704 180.436704
48.468990 134.890702 134.890702
46.261907 123.813887 123.813887
43.435010 113.702278 113.702278
43.723427 147.152320 147.152320
45.675201 167.031372 167.031372
51.178009 119.839323 119.839323
37.257459 152.394398 152.394398
48.661992 196.029646 196.029646
85.634531 172.457503 172.457503
41.108045 194.688331 194.688331
71.942162 89.188708 89.188708
22.596541 171.680927 171.680927
73.517415 226.712104 226.712104
67.796688 159.522547 159.522547
18.455613 168.258106 168.258106
67.090037 166.930098 166.930098
108.037631 258.229155 258.229155
12.337304 155.820880 155.820880
58.079568 100.467954 100.467954
65.885187 197.230587 197.230587
41.646559 109.887476 109.887476
24.582686 126.805591 126.805591
31.382327 134.175993 134.175993
54.726943 204.905940 204.905940
65.288376 142.416036 142.416036
34.006893 180.120195 180.120195
48.850199 123.815518 123.815518
33.692285 130.424500 130.424500
15.969010 156.707863 156.707863
32.453125 152.020218 152.020218
17.231389 161.073710 161.073710
17.790709 136.267662 136.267662
31.304915 141.673617 141.673617
32.294801 129.308216 129.308216
26.919077 121.989961 121.989961
68.552387 211.809148 211.809148
37.387639 131.796526 131.796526
127.438746 259.810039 259.810039
26.923620 127.788792 127.788792
53.656026 96.703018 96.703018
57.192425 107.544815 107.544815
40.376803 111.813605 111.813605
61.843535 164.539449 164.539449
37.114390 112.468322 112.468322
49.562997 145.301326 145.301326
51.578870 197.680969 197.680969
51.096203 96.412472 96.412472
129.816268 36.647206 36.647206
33.664545 143.399419 143.399419
34.890458 147.199770 147.199770
30.569104 160.491435 160.491435
42.274371 125.821251 125.821251
56.216771 200.807572 200.807572
12.193190 137.268607 137.268607
12.107093 154.708898 154.708898
2.528012 145.414743 145.414743
106.503450 51.538036 51.538036
56.305005 194.325855 194.325855
57.111358 189.204101 189.204101
86.467817 74.848123 74.848123
81.926185 223.041301 223.041301
34.736828 165.488154 165.488154
90.547324 97.343793 97.343793
98.687071 107.272069 107.272069
23.107649 150.725146 150.725146
30.351795 172.889036 172.889036
18.448849 132.203383 132.203383
15.025794 152.696848 152.696848
36.753562 172.587456 172.587456
64.261608 128.946154 128.946154
34.049287 175.499527 175.499527
55.237964 166.284462 166.284462
37.452929 112.319920 112.319920
74.684236 80.334116 80.334116
145.350578 158.079312 158.079312
28.065461 155.791639 155.791639
55.229798 87.139495 87.139495
10.198937 135.208782 135.208782
44.309221 179.812326 179.812326
77.087059 66.719021 66.719021
90.167925 210.279737 210.279737
40.774739 109.772152 109.772152
21.572677 156.289413 156.289413
59.934164 131.156208 131.156208
29.006724 113.896422 113.896422
47.253911 144.866625 144.866625
95.971064 79.398088 79.398088
59.641199 137.766347 137.766347
14.653846 152.373383 152.373383
85.172158 184.140670 184.140670
17.425677 121.135003 121.135003
49.048876 125.362051 125.362051
19.289127 126.691568 126.691568
50.670407 187.559620 187.559620
62.102979 128.136345 128.136345
58.900289 106.364355 106.364355
61.256827 129.015559 129.015559
31.962317 105.334085 105.334085
32.529667 137.178500 137.178500
85.304379 104.247767 104.247767
80.542270 66.959128 66.959128
92.360846 197.459397 197.459397
43.213790 101.972336 101.972336
38.018530 133.611300 133.611300
39.391449 107.634210 107.634210
44.689154 91.507887 91.507887
111.729988 247.002202 247.002202
78.306969 99.996981 99.996981
73.001115 176.248783 176.248783
41.607053 169.684010 169.684010
72.003959 121.068788 121.068788
28.540128 140.567941 140.567941
62.154553 195.117777 195.117777
54.864130 123.805054 123.805054
30.363851 103.640045 103.640045
34.890601 101.378012 101.378012
12.822242 129.344751 129.344751
54.986439 140.050010 140.050010
61.498176 179.895599 179.895599
42.176414 151.773606 151.773606
48.659331 87.395765 87.395765
27.103300 108.672140 108.672140
40.861386 168.955235 168.955235
65.937493 184.139695 184.139695
45.377642 95.063009 95.063009
43.784929 115.601083 115.601083
18.442122 129.177989 129.177989
25.856264 111.588329 111.588329
30.031961 126.957103 126.957103
46.306091 175.326289 175.326289
70.133117 188.933059 188.933059
20.059583 122.420619 122.420619
64.905273 174.786141 174.786141
56.461720 161.641644 161.641644
46.025375 172.708034 172.708034
33.644460 112.745116 112.745116
9.804418 119.181829 119.181829
62.473891 111.725965 111.725965
65.110951 123.340768 123.340768
65.810546 131.296359 131.296359
31.387808 113.918105 113.918105
99.757453 115.095994 115.095994
58.943366 176.386284 176.386284
10.448375 133.457952 133.457952
48.811224 106.797242 106.797242
30.194674 120.939608 120.939608
67.050424 184.843171 184.843171
71.869899 78.106140 78.106140
50.160743 176.637512 176.637512
56.665793 159.712521 159.712521
23.389440 149.272733 149.272733
9.374538 117.410448 117.410448
36.370842 158.278499 158.278499
20.402848 138.042814 138.042814
89.991167 157.068035 157.068035
29.676188 142.269705 142.269705
61.222883 185.626864 185.626864
16.886222 110.360420 110.360420
15.921069 136.076631 136.076631
77.320504 86.848379 86.848379
38.277027 156.245534 156.245534
57.641265 96.616513 96.616513
44.784619 143.070639 143.070639
54.972202 154.959583 154.959583
23.099426 109.092472 109.092472
7.359640 115.949745 115.949745
26.792173 108.510722 108.510722
75.103339 47.568532 47.568532
73.278736 187.427264 187.427264
25.540542 127.388937 127.388937
45.496199 131.474138 131.474138
44.002777 115.417852 115.417852
16.479242 107.591280 107.591280
57.343105 126.674010 126.674010
36.687746 90.014670 90.014670
42.689344 110.338319 110.338319
114.157135 59.509658 59.509658
57.428123 176.726645 176.726645
18.863443 102.500359 102.500359
56.748807 72.615332 72.615332
23.663901 132.477371 132.477371
13.808958 132.501162 132.501162
19.323797 124.311032 124.311032
21.451462 99.439832 99.439832
54.363064 155.049805 155.049805
111.571851 64.227985 64.227985
17.928850 112.355486 112.355486
43.363100 146.746203 146.746203
22.359583 140.005627 140.005627
81.287175 195.346016 195.346016
19.948430 129.363187 129.363187
26.513628 140.477639 140.477639
16.725757 101.935953 101.935953
54.203612 82.999070 82.999070
98.061296 31.843932 31.843932
49.230775 86.177029 86.177029
41.124736 106.698896 106.698896
37.624868 84.301142 84.301142
55.495570 101.489575 101.489575
58.738911 169.291807 169.291807
49.427600 146.530452 146.530452
41.556519 114.177486 114.177486
89.802467 58.392764 58.392764
37.603718 109.868768 109.868768
42.587857 141.362148 141.362148
45.120108 143.732772 143.732772
21.972573 117.812298 117.812298
81.023280 86.184507 86.184507
75.105375 173.262429 173.262429
18.694081 132.362583 132.362583
31.232567 102.900860 102.900860
83.254156 187.728155 187.728155
75.353184 38.969637 38.969637
57.193424 170.156654 170.156654
56.157978 160.574493 160.574493
74.754630 171.280370 171.280370
73.571159 178.364470 178.364470
75.532684 67.824138 67.824138
65.265334 57.565273 57.565273
35.137132 143.949654 143.949654
42.697684 145.104117 145.104117
44.095210 101.504727 101.504727
61.802946 169.625544 169.625544
54.199516 56.951202 56.951202
78.490162 48.050532 48.050532
41.689744 150.964218 150.964218
36.965614 117.111748 117.111748
35.623313 84.278603 84.278603
22.350407 87.913217 87.913217
47.758132 104.215784 104.215784
22.527570 89.941646 89.941646
111.519786 98.076042 98.076042
43.558377 138.387887 138.387887
78.690891 176.439579 176.439579
16.209967 105.334363 105.334363
34.954151 142.265618 142.265618
41.924849 66.819023 66.819023
83.655044 123.872764 123.872764
13.273753 104.982635 104.982635
14.739116 114.284597 114.284597
52.951037 157.050805 157.050805
52.967070 120.503981 120.503981
21.620300 102.138368 102.138368
54.960369 57.848673 57.848673
4.822252 111.741979 111.741979
43.037855 72.180055 72.180055
68.767395 156.157573 156.157573
13.583097 100.181859 100.181859
13.684106 116.584149 116.584149
59.608546 130.958209 130.958209
81.035643 167.217199 167.217199
23.734487 129.011465 129.011465
43.172777 134.158294 134.158294
84.673028 95.317219 95.317219
57.237725 53.199605 53.199605
18.355621 109.787852 109.787852
39.252975 134.714320 134.714320
19.657095 84.554148 84.554148
73.544840 35.335884 35.335884
99.652128 194.765236 194.765236
39.899680 96.068779 96.068779
31.282754 80.760624 80.760624
116.908440 60.815778 60.815778
25.605014 90.237861 90.237861
33.130610 122.668753 122.668753
56.209865 46.859402 46.859402
44.095454 81.682642 81.682642
31.408322 71.227815 71.227815
48.370777 121.973262 121.973262
40.227034 131.976849 131.976849
27.867119 73.907413 73.907413
6.705393 97.113345 97.113345
86.472144 151.659307 151.659307
23.593856 77.601325 77.601325
100.789607 199.448627 199.448627
39.637248 102.889936 102.889936
67.381065 154.143286 154.143286
21.611832 89.904193 89.904193
40.181298 139.086647 139.086647
30.260117 120.552222 120.552222
48.690779 68.796821 68.796821
7.580453 92.548945 92.548945
35.881040 132.674957 132.674957
82.484687 96.220458 96.220458
45.531987 135.689831 135.689831
70.985569 62.872495 62.872495
87.784734 152.800877 152.800877
35.248569 131.794543 131.794543
83.547491 176.541025 176.541025
15.140817 93.831037 93.831037
38.289831 120.588274 120.588274
69.887899 141.396943 141.396943
54.574405 150.181681 150.181681
80.534569 161.204657 161.204657
5.223327 95.560587 95.560587
77.110393 163.999790 163.999790
55.633723 146.337424 146.337424
48.969522 118.265303 118.265303
92.180112 187.270523 187.270523
73.984220 166.900145 166.900145
42.528697 69.395575 69.395575
16.549950 100.214318 100.214318
45.378101 137.500081 137.500081
31.345866 125.460251 125.460251
28.444651 67.265267 67.265267
24.131641 112.330499 112.330499
60.597555 100.057928 100.057928
13.044825 105.740001 105.740001
32.926366 100.664394 100.664394
69.314593 144.741119 144.741119
49.514943 57.900106 57.900106
35.599758 124.328797 124.328797
60.086968 43.708201 43.708201
27.367035 64.858137 64.858137
55.795004 39.435598 39.435598
29.524401 97.615259 97.615259
40.059305 75.851099 75.851099
72.910024 158.386196 158.386196
17.208997 100.736379 100.736379
45.361256 116.906916 116.906916
37.148172 125.967672 125.967672
61.931011 130.216681 130.216681
68.547327 151.089837 151.089837
69.566220 51.014427 51.014427
88.989248 174.955437 174.955437
86.785197 169.117993 169.117993
37.197734 96.155393 96.155393
29.286690 77.613249 77.613249
40.806148 49.912975 49.912975
35.277246 88.344856 88.344856
73.972597 124.548323 124.548323
56.947757 71.004514 71.004514
22.583314 110.076437 110.076437
49.615751 130.593973 130.593973
26.613815 102.395275 102.395275
92.505416 156.513853 156.513853
7.738221 79.412693 79.412693
37.496713 107.660066 107.660066
22.946656 79.333113 79.333113
40.837736 45.743126 45.743126
11.078625 75.946498 75.946498
56.327342 141.835526 141.835526
74.331945 121.721990 121.721990
120.192980 177.435858 177.435858
28.848552 114.095544 114.095544
71.176373 76.945006 76.945006
31.398802 115.999354 115.999354
51.266508 67.415094 67.415094
43.718011 49.910138 49.910138
89.453033 153.081732 153.081732
76.356217 159.213356 159.213356
24.762044 106.953451 106.953451
31.101045 113.352692 113.352692
36.829062 92.986030 92.986030
42.670544 81.802169 81.802169
13.089372 70.183740 70.183740
27.553672 61.928894 61.928894
34.991593 117.271596 117.271596
23.367823 66.792436 66.792436
9.449723 91.448883 91.448883
46.495785 44.075033 44.075033
57.416829 46.295516 46.295516
24.425996 80.270131 80.270131
49.677195 59.620079 59.620079
29.028170 109.573172 109.573172
46.615917 118.745117 118.745117
19.629123 63.880532 63.880532
34.391521 114.699031 114.699031
28.509013 82.151300 82.151300
27.381208 70.047552 70.047552
18.930020 96.126565 96.126565
52.438462 122.216540 122.216540
42.873810 85.591137 85.591137
95.245292 94.353955 94.353955
44.899608 67.126949 67.126949
65.648386 131.500967 131.500967
115.082586 183.258979 183.258979
99.624149 73.815315 73.815315
85.077392 149.183425 149.183425
12.311000 75.068053 75.068053
48.286118 29.933821 29.933821
106.071921 80.655399 80.655399
41.132870 95.565873 95.565873
52.731959 123.114241 123.114241
86.620267 129.255057 129.255057
41.706682 115.849125 115.849125
74.309550 125.969626 125.969626
51.022134 117.615217 117.615217
37.416983 95.274860 95.274860
40.792525 104.597810 104.597810
35.829336 105.251946 105.251946
53.728719 31.581054 31.581054
102.026852 166.721319 166.721319
78.991939 27.648564 27.648564
51.198019 125.438030 125.438030
63.167969 63.305222 63.305222
24.879085 89.107679 89.107679
36.041327 62.355471 62.355471
28.357000 79.576309 79.576309
8.435149 66.333176 66.333176
26.280074 54.813155 54.813155
18.005772 86.813800 86.813800
16.590175 89.596995 89.596995
33.100215 104.744779 104.744779
36.825031 87.598253 87.598253
13.195469 84.761015 84.761015
15.340316 86.713864 86.713864
98.614908 169.465036 169.465036
66.049317 49.663652 49.663652
23.450854 51.029209 51.029209
11.378614 75.935998 75.935998
62.691735 131.378122 131.378122
55.511514 114.744358 114.744358
31.778736 85.989572 85.989572
30.363672 49.423553 49.423553
58.872676 124.440326 124.440326
99.175327 154.148326 154.148326
30.579211 99.298027 99.298027
53.320621 122.726637 122.726637
37.431105 51.640337 51.640337
42.555350 67.752393 67.752393
41.384081 62.138375 62.138375
28.874314 72.160791 72.160791
73.809290 17.901975 17.901975
67.413890 117.513243 117.513243
14.326492 53.777944 53.777944
65.495053 127.118152 127.118152
98.433897 65.102788 65.102788
21.619568 87.333367 87.333367
35.814818 92.046554 92.046554
70.823949 16.175118 16.175118
85.243928 53.511784 53.511784
50.844911 110.177289 110.177289
72.127521 135.465705 135.465705
66.985098 127.570773 127.570773
41.297849 74.104712 74.104712
128.866447 193.151302 193.151302
7.697339 58.834291 58.834291
36.705082 39.287390 39.287390
51.321946 58.676502 58.676502
80.757263 126.758110 126.758110
28.827177 64.302487 64.302487
53.420793 67.242159 67.242159
38.549148 33.335692 33.335692
37.368482 92.693832 92.693832
53.231544 59.933016 59.933016
56.583204 113.791510 113.791510
34.592932 35.814308 35.814308
91.142688 43.735688 43.735688
71.727512 112.722565 112.722565
71.345937 132.534267 132.534267
26.013628 75.067076 75.067076
11.884628 69.118715 69.118715
91.475040 152.894387 152.894387
51.861972 51.156657 51.156657
33.874846 76.262175 76.262175
45.980816 103.645426 103.645426
55.945428 105.568745 105.568745
15.094114 53.828723 53.828723
17.852853 66.246547 66.246547
16.894988 68.357504 68.357504
5.058889 59.351048 59.351048
66.323042 123.734308 123.734308
24.436989 43.106365 43.106365
73.536232 110.235757 110.235757
57.522713 25.259660 25.259660
31.731119 78.493227 78.493227
28.095023 83.948791 83.948791
73.711373 118.995509 118.995509
48.639977 29.870574 29.870574
35.278454 93.172777 93.172777
35.230149 54.092046 54.092046
65.555153 81.797908 81.797908
26.985751 48.361777 48.361777
69.225004 63.423546 63.423546
62.223539 119.607221 119.607221
32.700638 85.097365 85.097365
20.709119 77.411167 77.411167
69.497935 97.673489 97.673489
33.550163 84.024065 84.024065
56.587559 22.391073 22.391073
42.651765 13.514427 13.514427
22.421026 62.259553 62.259553
11.687281 63.568695 63.568695
105.898969 78.767807 78.767807
49.943969 93.900887 93.900887
86.703110 72.644657 72.644657
9.232430 48.064126 48.064126
108.797779 67.264895 67.264895
132.186424 173.384638 173.384638
88.362507 109.660192 109.660192
78.207022 98.899912 98.899912
44.043801 60.180897 60.180897
71.308790 107.026813 107.026813
24.176192 29.972965 29.972965
32.721470 83.864341 83.864341
54.452508 107.480624 107.480624
41.376240 82.152298 82.152298
15.547100 65.407468 65.407468
16.205722 68.447668 68.447668
13.228244 39.209019 39.209019
42.153771 37.668478 37.668478
33.298993 84.856393 84.856393
25.272559 57.122942 57.122942
62.126064 109.160746 109.160746
53.760944 104.788130 104.788130
31.120806 27.335029 27.335029
38.602531 87.304276 87.304276
41.256279 73.570191 73.570191
42.466245 15.867522 15.867522
5.463244 46.640373 46.640373
47.971012 96.603977 96.603977
23.192755 27.085394 27.085394
31.401928 37.561444 37.561444
132.205690 166.402495 166.402495
66.845253 42.906206 42.906206
41.127150 11.528299 11.528299
9.624017 42.208835 42.208835
33.851565 36.290993 36.290993
25.122688 65.570286 65.570286
72.595996 74.311979 74.311979
121.540171 96.336079 96.336079
23.875238 70.613159 70.613159
54.550650 31.787954 31.787954
50.994565 50.327578 50.327578
53.662667 100.095469 100.095469
38.384825 51.767275 51.767275
10.690503 47.497704 47.497704
88.498185 78.132894 78.132894
32.599642 55.575514 55.575514
91.894596 72.953333 72.953333
23.223591 29.280518 29.280518
16.806190 30.255854 30.255854
51.959693 97.287904 97.287904
38.065618 68.612967 68.612967
42.655603 83.282819 83.282819
96.242019 140.897391 140.897391
40.299728 64.892176 64.892176
41.541019 9.670236 9.670236
37.597251 38.012922 38.012922
88.231242 65.376838 65.376838
55.484057 52.628591 52.628591
45.228500 88.562399 88.562399
5.041519 48.373390 48.373390
76.016824 88.055882 88.055882
48.067873 55.868213 55.868213
52.833275 16.237785 16.237785
60.284794 53.031135 53.031135
55.173381 92.331109 92.331109
62.234472 74.109921 74.109921
85.519687 126.945485 126.945485
70.440829 110.780916 110.780916
77.058320 115.055710 115.055710
29.682819 26.001045 26.001045
11.938426 41.168896 41.168896
23.218426 22.453208 22.453208
111.272417 133.573028 133.573028
44.322430 58.930029 58.930029
109.404285 103.469189 103.469189
17.342181 42.795627 42.795627
92.695488 130.076095 130.076095
63.062997 60.820640 60.820640
2.482338 41.504731 41.504731
47.091514 39.163657 39.163657
90.192901 124.628580 124.628580
59.013005 94.476931 94.476931
13.218743 45.430606 45.430606
18.033374 26.839968 26.839968
57.073075 19.178283 19.178283
110.208688 80.532204 80.532204
49.814877 76.530425 76.530425
13.871910 35.067499 35.067499
79.029957 102.541545 102.541545
55.347673 86.199258 86.199258
22.815618 43.849890 43.849890
24.839150 57.131191 57.131191
22.821979 14.621738 14.621738
43.825668 8.975977 8.975977
31.577889 65.910669 65.910669
96.116136 127.693343 127.693343
51.485464 33.268554 33.268554
69.229654 83.430430 83.430430
57.439575 64.615408 64.615408
65.524053 41.305058 41.305058
10.218038 28.572187 28.572187
15.626018 20.339910 20.339910
49.298417 67.051215 67.051215
49.172703 52.731833 52.731833
27.914243 47.645885 47.645885
10.062617 38.720106 38.720106
60.740071 77.787124 77.787124
56.633166 86.259354 86.259354
30.796612 41.869127 41.869127
66.392114 77.716021 77.716021
38.237067 24.662196 24.662196
50.781240 82.633766 82.633766
63.076020 86.618430 86.618430
67.430250 50.310263 50.310263
79.014989 63.375009 63.375009
35.418770 62.437931 62.437931
53.980207 57.891315 57.891315
57.423449 82.098073 82.098073
49.634369 19.075708 19.075708
75.843625 60.056747 60.056747
65.405467 50.356643 50.356643
20.502103 47.335340 47.335340
63.557059 50.585527 50.585527
53.168674 49.203745 49.203745
57.239219 46.745823 46.745823
38.077550 19.714363 19.714363
14.316187 43.689282 43.689282
102.715976 130.962246 130.962246
9.916064 38.703849 38.703849
50.285624 59.201024 59.201024
38.349505 18.855952 18.855952
57.702283 29.748072 29.748072
64.942973 39.346374 39.346374
42.276055 47.427142 47.427142
93.038351 115.253978 115.253978
95.499095 71.194696 71.194696
95.872889 78.775272 78.775272
94.165669 121.154706 121.154706
107.675977 88.804378 88.804378
53.228680 71.652490 71.652490
31.573119 57.276957 57.276957
3.372829 24.889812 24.889812
49.056922 41.073384 41.073384
50.538080 54.238926 54.238926
37.742095 43.580174 43.580174
51.434741 68.778662 68.778662
40.420057 64.055296 64.055296
47.014735 52.447468 52.447468
46.829904 33.059732 33.059732
52.366999 31.559559 31.559559
120.012437 100.204719 100.204719
14.060054 38.454403 38.454403
57.795864 71.815136 71.815136
29.187182 38.710963 38.710963
67.960087 51.416619 51.416619
14.544098 37.987263 37.987263
42.243154 33.548866 33.548866
66.437730 47.886830 47.886830
49.027224 60.036631 60.036631
11.225131 25.900710 25.900710
49.329977 30.902928 30.902928
92.802503 77.042691 77.042691
25.768913 47.884857 47.884857
71.258490 59.026035 59.026035
54.506034 48.150851 48.150851
110.079350 131.693749 131.693749
52.566805 73.831007 73.831007
30.317652 35.463210 35.463210
12.895336 25.344973 25.344973
57.364622 73.934270 73.934270
12.094201 8.409093 8.409093
67.074989 50.565412 50.565412
50.320824 40.011926 40.011926
5.895608 22.645324 22.645324
62.155026 56.330869 56.330869
54.081429 40.408455 40.408455
70.297851 75.837151 75.837151
94.708549 75.673681 75.673681
11.115037 13.188583 13.188583
27.969234 46.321026 46.321026
19.071196 12.393535 12.393535
27.375056 44.275558 44.275558
10.370161 26.724091 26.724091
21.120006 38.441071 38.441071
6.772979 11.164807 11.164807
29.246867 36.761492 36.761492
78.888831 61.648644 61.648644
13.798963 30.419780 30.419780
81.981041 98.846766 98.846766
28.939136 13.096632 13.096632
37.739085 25.834531 25.834531
33.177588 40.118859 40.118859
40.452034 37.655694 37.655694
78.780279 62.741078 62.741078
48.297871 33.552475 33.552475
30.269724 40.658571 40.658571
39.142295 45.109540 45.109540
46.411787 34.514398 34.514398
88.258041 74.878094 74.878094
45.988907 33.486969 33.486969
28.843598 43.503976 43.503976
40.148267 54.106436 54.106436
29.252590 15.041895 15.041895
11.778535 3.830354 3.830354
45.174321 58.142426 58.142426
14.396457 0.722455 0.722455
40.967696 43.461354 43.461354
35.924899 26.865179 26.865179
12.128810 1.638289 1.638289
35.564296 40.254813 40.254813
62.338587 50.364248 50.364248
102.803345 112.174125 112.174125
6.956129 10.281824 10.281824
82.152189 74.291690 74.291690
46.341259 53.866031 53.866031
21.852175 31.706010 31.706010
107.133871 114.092226 114.092226
51.499766 60.544819 60.544819
18.372057 29.271533 29.271533
58.266247 67.684616 67.684616
38.722801 28.661680 28.661680
39.657542 29.844502 29.844502
51.694622 42.747603 42.747603
123.197106 114.030694 114.030694
25.527241 18.944665 18.944665
48.191461 38.546939 38.546939
60.481343 51.871375 51.871375
35.396263 26.440822 26.440822
47.247333 38.236157 38.236157
41.375040 40.554239 40.554239
69.277602 65.078780 65.078780
42.833764 45.106704 45.106704
44.993787 38.083536 38.083536
98.467286 100.134807 100.134807
86.865423 80.554037 80.554037
39.916904 37.162789 37.162789
37.632626 34.311248 34.311248
14.808722 20.507315 20.507315
25.760356 23.012220 23.012220
39.538456 46.419086 46.419086
105.746386 112.167841 112.167841
48.594394 54.000105 54.000105
48.483256 45.341585 45.341585
76.060916 70.082083 70.082083
24.305947 19.702529 19.702529
51.876173 47.420465 47.420465
32.682998 28.295443 28.295443
19.473571 21.349663 21.349663
39.684666 34.919387 34.919387
60.625501 64.951892 64.951892
31.933802 32.475837 32.475837
36.080930 31.684426 31.684426
111.326759 115.057109 115.057109
46.735332 45.156808 45.156808
21.737651 25.094030 25.094030
148.144017 153.144963 153.144963
74.141604 79.193943 79.193943
38.770300 39.396859 39.396859
94.128085 95.490664 95.490664
