0.0133848 0.000179147
0.0233848 0.000547319
0.0333848 0.00111308
0.0433848 0.00188463
0.0533848 0.00284781
0.0633848 0.00402263
0.0733848 0.00540947
0.0833848 0.00699776
0.0933848 0.00877814
0.103385 0.0107413
0.113385 0.0128779
0.123385 0.0151846
0.133385 0.017739
0.143385 0.0204888
0.153385 0.0234346
0.163385 0.0265744
0.173385 0.0299115
0.183385 0.033441
0.193385 0.0371672
0.203385 0.0410814
0.213385 0.0451891
0.223385 0.0494884
0.233385 0.0539736
0.243385 0.0586548
0.253385 0.0635186
0.263385 0.0685725
0.273385 0.0738178
0.283385 0.0792387
0.293385 0.084846
0.303385 0.0906372
0.313385 0.0966114
0.323385 0.102772
0.333385 0.109099
0.343385 0.115609
0.353385 0.122302
0.363385 0.129186
0.373385 0.136215
0.383385 0.143415
0.393385 0.150799
0.403385 0.158342
0.413385 0.166069
0.423385 0.173955
0.433385 0.181994
0.443385 0.190214
0.453385 0.198591
0.463385 0.20713
0.473385 0.215819
0.483385 0.224668
0.493385 0.233672
0.503385 0.242829
0.513385 0.252141
0.523385 0.261595
0.533385 0.271201
0.543385 0.280949
0.553385 0.290849
0.563385 0.300875
0.573385 0.311049
0.583385 0.32136
0.593385 0.331803
0.603385 0.342381
0.613385 0.353093
0.623385 0.363921
0.633385 0.374887
0.643385 0.385976
0.653385 0.397179
0.663385 0.408503
0.673385 0.419952
0.683385 0.431502
0.693385 0.443173
0.703385 0.454951
0.713385 0.466837
0.723385 0.478827
0.733385 0.490919
0.743385 0.503112
0.753385 0.515402
0.763385 0.527783
0.773385 0.540257
0.783385 0.552821
0.793385 0.565471
0.803385 0.578204
0.813385 0.59102
0.823385 0.603912
0.833385 0.616881
0.843385 0.629923
0.853385 0.643036
0.863385 0.656213
0.873385 0.669456
0.883385 0.682761
0.893385 0.696123
0.903385 0.709545
0.913385 0.723017
0.923385 0.736536
0.933385 0.750105
0.943385 0.76372
0.953385 0.777375
0.963385 0.79106
0.973385 0.804793
0.983385 0.818549
0.993385 0.832338
1.00338 0.846149
1.01338 0.859986
1.02338 0.873843
1.03338 0.887715
1.04338 0.901602
1.05338 0.915499
1.06338 0.929404
1.07338 0.943313
1.08338 0.957222
1.09338 0.97113
1.10338 0.985033
1.11338 0.998927
1.12338 1.01281
1.13338 1.02668
1.14338 1.04053
1.15338 1.05436
1.16338 1.06816
1.17338 1.08194
1.18338 1.09568
1.19338 1.1094
1.20338 1.12307
1.21338 1.1367
1.22338 1.15029
1.23338 1.16384
1.24338 1.17733
1.25338 1.19077
1.26338 1.20416
1.27338 1.21748
1.28338 1.23074
1.29338 1.24394
1.30338 1.25706
1.31338 1.27011
1.32338 1.28309
1.33338 1.29598
1.34338 1.3088
1.35338 1.32152
1.36338 1.33416
1.37338 1.34671
1.38338 1.35916
1.39338 1.37151
1.40338 1.38376
1.41338 1.39591
1.42338 1.40795
1.43338 1.41987
1.44338 1.43168
1.45338 1.44337
1.46338 1.45495
1.47338 1.46641
1.48338 1.47772
1.49338 1.48891
1.50338 1.49997
1.51338 1.51089
1.52338 1.52167
1.53338 1.53231
1.54338 1.54281
1.55338 1.55315
1.56338 1.56334
1.57338 1.57338
1.58338 1.58326
1.59338 1.59298
1.60338 1.60253
1.61338 1.61192
1.62338 1.62114
1.63338 1.63018
1.64338 1.63905
1.65338 1.64776
1.66338 1.65626
1.67338 1.66459
1.68338 1.67273
1.69338 1.68068
1.70338 1.68844
1.71338 1.696
1.72338 1.70336
1.73338 1.71052
1.74338 1.71749
1.75338 1.72424
1.76338 1.73078
1.77338 1.73711
1.78338 1.74323
1.79338 1.74914
1.80338 1.75482
1.81338 1.76029
1.82338 1.76551
1.83338 1.77053
1.84338 1.77531
1.85338 1.77987
1.86338 1.78419
1.87338 1.78828
1.88338 1.79211
1.89338 1.79572
1.90338 1.79908
1.91338 1.80219
1.92338 1.80506
1.93338 1.80768
1.94338 1.81004
1.95338 1.81216
1.96338 1.81401
1.97338 1.81561
1.98338 1.81695
1.99338 1.81803
2.00338 1.81882
2.01338 1.81941
2.02338 1.81966
2.03338 1.81965
2.04338 1.81941
2.05338 1.81888
2.06338 1.81807
2.07338 1.81699
2.08338 1.81561
2.09338 1.81393
2.10338 1.81199
2.11338 1.80983
2.12338 1.80729
2.13338 1.80457
2.14338 1.80152
2.15338 1.79816
2.16338 1.79451
2.17338 1.79057
2.18338 1.78637
2.19338 1.78183
2.20338 1.77703
2.21338 1.77192
2.22338 1.7665
2.23338 1.76081
2.24338 1.7548
2.25338 1.7485
2.26338 1.74189
2.27338 1.73498
2.28338 1.72777
2.29338 1.72026
2.30338 1.71243
2.31338 1.70428
2.32338 1.69589
2.33338 1.68715
2.34338 1.67811
2.35338 1.66876
2.36338 1.6591
2.37338 1.64913
2.38338 1.63885
2.39338 1.62827
2.40338 1.61739
2.41338 1.60619
2.42338 1.59466
2.43338 1.58281
2.44338 1.57069
2.45338 1.55828
2.46338 1.54552
2.47338 1.53245
2.48338 1.51909
2.49338 1.5054
2.50338 1.49141
2.51338 1.47709
2.52338 1.46248
2.53338 1.44757
2.54338 1.43234
2.55338 1.41678
2.56338 1.40094
2.57338 1.38479
2.58338 1.36833
2.59338 1.35156
2.60338 1.33447
2.61338 1.31708
2.62338 1.2994
2.63338 1.28143
2.64338 1.26315
2.65338 1.24456
2.66338 1.22566
2.67338 1.20647
2.68338 1.18697
2.69338 1.16717
2.70338 1.1471
2.71338 1.12673
2.72338 1.10602
2.73338 1.08505
2.74338 1.0638
2.75338 1.04224
2.76338 1.02039
2.77338 0.998263
2.78338 0.97585
2.79338 0.953128
2.80338 0.930147
2.81338 0.906881
2.82338 0.883337
2.83338 0.859511
2.84338 0.835408
2.85338 0.811032
2.86338 0.786369
2.87338 0.761451
2.88338 0.736265
2.89338 0.710807
2.90338 0.685084
2.91338 0.659104
2.92338 0.632847
2.93338 0.606349
2.94338 0.57959
2.95338 0.552575
2.96338 0.525304
2.97338 0.497786
2.98338 0.470032
2.99338 0.44202
3.00338 0.413766
3.01338 0.385281
3.02338 0.356553
3.03338 0.327588
3.04338 0.298412
3.05338 0.268979
3.06338 0.239336
3.07338 0.209467
3.08338 0.179377
3.09338 0.149059
3.10338 0.118532
3.11338 0.0878103
3.12338 0.0568697
3.13338 0.0257136
3.14338 -0.00564254
3.15338 -0.0371931
3.16338 -0.0689314
3.17338 -0.100871
3.18338 -0.133002
3.19338 -0.165318
3.20338 -0.197819
3.21338 -0.230498
3.22338 -0.263355
3.23338 -0.296382
3.24338 -0.329581
3.25338 -0.362948
3.26338 -0.39647
3.27338 -0.430159
3.28338 -0.463999
3.29338 -0.497992
3.30338 -0.532132
3.31338 -0.566419
3.32338 -0.600842
3.33338 -0.635403
3.34338 -0.670101
3.35338 -0.704925
3.36338 -0.739874
3.37338 -0.77495
3.38338 -0.810138
3.39338 -0.845429
3.40338 -0.880837
3.41338 -0.916353
3.42338 -0.951967
3.43338 -0.98768
3.44338 -1.02348
3.45338 -1.05938
3.46338 -1.09536
3.47338 -1.13141
3.48338 -1.16755
3.49338 -1.20375
3.50338 -1.24003
3.51338 -1.27637
3.52338 -1.31276
3.53338 -1.34921
3.54338 -1.3857
3.55338 -1.42225
3.56338 -1.45884
3.57338 -1.49546
3.58338 -1.53211
3.59338 -1.56879
3.60338 -1.6055
3.61338 -1.64222
3.62338 -1.67896
3.63338 -1.71571
3.64338 -1.75246
3.65338 -1.78921
3.66338 -1.82596
3.67338 -1.8627
3.68338 -1.89942
3.69338 -1.93613
3.70338 -1.97281
3.71338 -2.00946
3.72338 -2.04608
3.73338 -2.08266
3.74338 -2.11921
3.75338 -2.1557
3.76338 -2.19214
3.77338 -2.22853
3.78338 -2.26485
3.79338 -2.30111
3.80338 -2.3373
3.81338 -2.37341
3.82338 -2.40944
3.83338 -2.44539
3.84338 -2.48124
3.85338 -2.517
3.86338 -2.55266
3.87338 -2.58821
3.88338 -2.62365
3.89338 -2.65898
3.90338 -2.69419
3.91338 -2.72928
3.92338 -2.76423
3.93338 -2.79905
3.94338 -2.83373
3.95338 -2.86827
3.96338 -2.90265
3.97338 -2.93689
3.98338 -2.97096
3.99338 -3.00487
4.00338 -3.03861
4.01338 -3.07218
4.02338 -3.10557
4.03338 -3.13878
4.04338 -3.17179
4.05338 -3.20462
4.06338 -3.23724
4.07338 -3.26967
4.08338 -3.30188
4.09338 -3.33388
4.10338 -3.36567
4.11338 -3.39723
4.12338 -3.42857
4.13338 -3.45968
4.14338 -3.49055
4.15338 -3.52117
4.16338 -3.55155
4.17338 -3.58169
4.18338 -3.61154
4.19338 -3.64116
4.20338 -3.67052
4.21338 -3.6996
4.22338 -3.7284
4.23338 -3.75693
4.24338 -3.78518
4.25338 -3.81313
4.26338 -3.84079
4.27338 -3.86812
4.28338 -3.89523
4.29338 -3.92194
4.30338 -3.94842
4.31338 -3.97455
4.32338 -4.00036
4.33338 -4.02586
4.34338 -4.05102
4.35338 -4.07583
4.36338 -4.1003
4.37338 -4.12447
4.38338 -4.14828
4.39338 -4.17171
4.40338 -4.19481
4.41338 -4.21756
4.42338 -4.23994
4.43338 -4.26195
4.44338 -4.28358
4.45338 -4.30485
4.46338 -4.32573
4.47338 -4.34622
4.48338 -4.36634
4.49338 -4.38607
4.50338 -4.40536
4.51338 -4.4243
4.52338 -4.44284
4.53338 -4.46095
4.54338 -4.47867
4.55338 -4.49595
4.56338 -4.51282
4.57338 -4.52926
4.58338 -4.54528
4.59338 -4.56089
4.60338 -4.57606
4.61338 -4.59079
4.62338 -4.60508
4.63338 -4.61892
4.64338 -4.63231
4.65338 -4.6453
4.66338 -4.65779
4.67338 -4.66982
4.68338 -4.68139
4.69338 -4.69254
4.70338 -4.7032
4.71338 -4.71338
4.72338 -4.72307
4.73338 -4.73234
4.74338 -4.7411
4.75338 -4.74939
4.76338 -4.75719
4.77338 -4.7645
4.78338 -4.77133
4.79338 -4.77765
4.80338 -4.78351
4.81338 -4.78882
4.82338 -4.79369
4.83338 -4.79804
4.84338 -4.80188
4.85338 -4.80522
4.86338 -4.80803
4.87338 -4.81032
4.88338 -4.812
4.89338 -4.81324
4.90338 -4.81407
4.91338 -4.8145
4.92338 -4.81425
4.93338 -4.81335
4.94338 -4.81209
4.95338 -4.81024
4.96338 -4.80785
4.97338 -4.80494
4.98338 -4.8015
4.99338 -4.79746
5.00338 -4.79303
5.01338 -4.78796
5.02338 -4.78241
5.03338 -4.77629
5.04338 -4.76963
5.05338 -4.76242
5.06338 -4.75467
5.07338 -4.74639
5.08338 -4.73754
5.09338 -4.72816
5.10338 -4.71823
5.11338 -4.70776
5.12338 -4.69671
5.13338 -4.68515
5.14338 -4.67302
5.15338 -4.66035
5.16338 -4.64713
5.17338 -4.63335
5.18338 -4.61899
5.19338 -4.60412
5.20338 -4.58867
5.21338 -4.57264
5.22338 -4.55603
5.23338 -4.53905
5.24338 -4.52133
5.25338 -4.50315
5.26338 -4.48445
5.27338 -4.4651
5.28338 -4.44524
5.29338 -4.42481
5.30338 -4.40386
5.31338 -4.38233
5.32338 -4.36022
5.33338 -4.33765
5.34338 -4.31442
5.35338 -4.29075
5.36338 -4.26647
5.37338 -4.24165
5.38338 -4.21628
5.39338 -4.19037
5.40338 -4.16391
5.41338 -4.1369
5.42338 -4.10936
5.43338 -4.08127
5.44338 -4.05263
5.45338 -4.02349
5.46338 -3.99379
5.47338 -3.96355
5.48338 -3.93277
5.49338 -3.90147
5.50338 -3.86963
5.51338 -3.83727
5.52338 -3.80438
5.53338 -3.77094
5.54338 -3.73704
5.55338 -3.70251
5.56338 -3.66757
5.57338 -3.63207
5.58338 -3.59604
5.59338 -3.5595
5.60338 -3.52249
5.61338 -3.48496
5.62338 -3.44691
5.63338 -3.40836
5.64338 -3.3693
5.65338 -3.32974
5.66338 -3.28967
5.67338 -3.24917
5.68338 -3.20814
5.69338 -3.16663
5.70338 -3.12464
5.71338 -3.08217
5.72338 -3.03921
5.73338 -2.99579
5.74338 -2.95189
5.75338 -2.90753
5.76338 -2.86271
5.77338 -2.81743
5.78338 -2.77163
5.79338 -2.72542
5.80338 -2.67879
5.81338 -2.63175
5.82338 -2.58424
5.83338 -2.53624
5.84338 -2.48788
5.85338 -2.43904
5.86338 -2.38978
5.87338 -2.34009
5.88338 -2.29001
5.89338 -2.23951
5.90338 -2.18859
5.91338 -2.13724
5.92338 -2.08555
5.93338 -2.03343
5.94338 -1.98093
5.95338 -1.92803
5.96338 -1.87475
5.97338 -1.82109
5.98338 -1.76707
5.99338 -1.71268
6.00338 -1.65789
6.01338 -1.60274
6.02338 -1.54727
6.03338 -1.49152
6.04338 -1.43535
6.05338 -1.37885
6.06338 -1.32203
6.07338 -1.26487
6.08338 -1.20739
6.09338 -1.1496
6.10338 -1.09148
6.11338 -1.03307
6.12338 -0.974361
6.13338 -0.915351
6.14338 -0.856068
6.15338 -0.796467
6.16338 -0.736598
6.17338 -0.676479
6.18338 -0.616073
6.19338 -0.555407
6.20338 -0.494489
6.21338 -0.433327
6.22338 -0.371936
6.23338 -0.310294
6.24338 -0.248424
6.25338 -0.186327
6.26338 -0.124008
6.27338 -0.0612574
