0.0119207 0.000142099
0.0219207 0.000479858
0.0319207 0.00101992
0.0419207 0.00176041
0.0519207 0.00270089
0.0619207 0.00383251
0.0719207 0.00517158
0.0819207 0.00671025
0.0919207 0.00843172
0.101921 0.0103723
0.111921 0.012492
0.121921 0.0148339
0.131921 0.0173846
0.141921 0.0200955
0.151921 0.0229931
0.161921 0.0261046
0.171921 0.0294059
0.181921 0.0329158
0.191921 0.0366097
0.201921 0.0404956
0.211921 0.0445758
0.221921 0.0488461
0.231921 0.0533066
0.241921 0.0579653
0.251921 0.0628192
0.261921 0.0678264
0.271921 0.0730383
0.281921 0.0784309
0.291921 0.0840223
0.301921 0.0897788
0.311921 0.0957219
0.321921 0.101875
0.331921 0.108185
0.341921 0.114649
0.351921 0.121308
0.361921 0.128147
0.371921 0.135161
0.381921 0.142344
0.391921 0.149698
0.401921 0.157226
0.411921 0.164925
0.421921 0.172785
0.431921 0.18082
0.441921 0.188999
0.451921 0.19736
0.461921 0.205879
0.471921 0.214547
0.481921 0.223362
0.491921 0.232345
0.501921 0.241483
0.511921 0.250769
0.521921 0.2602
0.531921 0.269788
0.541921 0.279514
0.551921 0.289385
0.561921 0.299398
0.571921 0.30955
0.581921 0.319841
0.591921 0.330266
0.601921 0.340824
0.611921 0.351512
0.621921 0.362336
0.631921 0.373271
0.641921 0.384358
0.651921 0.395529
0.661921 0.406848
0.671921 0.418264
0.681921 0.429805
0.691921 0.441456
0.701921 0.45322
0.711921 0.46509
0.721921 0.477065
0.731921 0.489142
0.741921 0.501319
0.751921 0.513596
0.761921 0.525963
0.771921 0.538424
0.781921 0.550975
0.791921 0.563615
0.801921 0.576336
0.811921 0.589139
0.821921 0.60202
0.831921 0.614979
0.841921 0.628008
0.851921 0.641109
0.861921 0.654279
0.871921 0.667513
0.881921 0.680809
0.891921 0.694164
0.901921 0.707576
0.911921 0.721041
0.921921 0.734552
0.931921 0.748115
0.941921 0.761721
0.951921 0.775369
0.961921 0.789055
0.971921 0.802777
0.981921 0.816532
0.991921 0.830315
1.00192 0.844125
1.01192 0.857959
1.02192 0.871813
1.03192 0.885683
1.04192 0.899568
1.05192 0.913464
1.06192 0.927368
1.07192 0.941276
1.08192 0.955186
1.09192 0.969094
1.10192 0.982998
1.11192 0.996893
1.12192 1.01078
1.13192 1.02465
1.14192 1.0385
1.15192 1.05233
1.16192 1.06614
1.17192 1.07992
1.18192 1.09367
1.19192 1.10739
1.20192 1.12107
1.21192 1.13471
1.22192 1.14831
1.23192 1.16186
1.24192 1.17536
1.25192 1.1888
1.26192 1.20219
1.27192 1.21553
1.28192 1.2288
1.29192 1.24201
1.30192 1.25514
1.31192 1.26821
1.32192 1.28119
1.33192 1.2941
1.34192 1.30692
1.35192 1.31966
1.36192 1.33232
1.37192 1.34488
1.38192 1.35734
1.39192 1.36971
1.40192 1.38198
1.41192 1.39414
1.42192 1.40619
1.43192 1.41813
1.44192 1.42996
1.45192 1.44168
1.46192 1.45326
1.47192 1.46473
1.48192 1.47607
1.49192 1.48728
1.50192 1.49836
1.51192 1.5093
1.52192 1.5201
1.53192 1.53076
1.54192 1.54127
1.55192 1.55164
1.56192 1.56185
1.57192 1.57191
1.58192 1.58182
1.59192 1.59157
1.60192 1.60114
1.61192 1.61056
1.62192 1.61981
1.63192 1.62887
1.64192 1.63777
1.65192 1.64649
1.66192 1.65503
1.67192 1.66338
1.68192 1.67155
1.69192 1.67952
1.70192 1.68731
1.71192 1.6949
1.72192 1.7023
1.73192 1.70949
1.74192 1.71647
1.75192 1.72326
1.76192 1.72984
1.77192 1.7362
1.78192 1.74236
1.79192 1.74829
1.80192 1.75401
1.81192 1.7595
1.82192 1.76477
1.83192 1.76982
1.84192 1.77464
1.85192 1.77922
1.86192 1.78357
1.87192 1.78767
1.88192 1.79156
1.89192 1.79518
1.90192 1.7986
1.91192 1.80176
1.92192 1.80465
1.93192 1.80732
1.94192 1.80972
1.95192 1.81186
1.96192 1.81374
1.97192 1.8154
1.98192 1.81676
1.99192 1.81788
2.00192 1.81869
2.01192 1.8192
2.02192 1.81952
2.03192 1.81964
2.04192 1.81945
2.05192 1.81897
2.06192 1.81821
2.07192 1.81715
2.08192 1.81584
2.09192 1.81425
2.10192 1.81236
2.11192 1.81019
2.12192 1.80774
2.13192 1.80498
2.14192 1.80195
2.15192 1.79868
2.16192 1.79507
2.17192 1.79119
2.18192 1.787
2.19192 1.78251
2.20192 1.77774
2.21192 1.77269
2.22192 1.76732
2.23192 1.76165
2.24192 1.7557
2.25192 1.74944
2.26192 1.74288
2.27192 1.73602
2.28192 1.72885
2.29192 1.72139
2.30192 1.71362
2.31192 1.70554
2.32192 1.69714
2.33192 1.68845
2.34192 1.67945
2.35192 1.67015
2.36192 1.66054
2.37192 1.65062
2.38192 1.64038
2.39192 1.62985
2.40192 1.61901
2.41192 1.60784
2.42192 1.59638
2.43192 1.5846
2.44192 1.57252
2.45192 1.56012
2.46192 1.54741
2.47192 1.53439
2.48192 1.52106
2.49192 1.50742
2.50192 1.49348
2.51192 1.47922
2.52192 1.46464
2.53192 1.44978
2.54192 1.43459
2.55192 1.4191
2.56192 1.40329
2.57192 1.38718
2.58192 1.37077
2.59192 1.35404
2.60192 1.33701
2.61192 1.31966
2.62192 1.30202
2.63192 1.28409
2.64192 1.26584
2.65192 1.24729
2.66192 1.22845
2.67192 1.20929
2.68192 1.18985
2.69192 1.1701
2.70192 1.15005
2.71192 1.12971
2.72192 1.10908
2.73192 1.08815
2.74192 1.06692
2.75192 1.04542
2.76192 1.02361
2.77192 1.00152
2.78192 0.979146
2.79192 0.956483
2.80192 0.933538
2.81192 0.910308
2.82192 0.886793
2.83192 0.863012
2.84192 0.838952
2.85192 0.814599
2.86192 0.789974
2.87192 0.765099
2.88192 0.739972
2.89192 0.714553
2.90192 0.688867
2.91192 0.662921
2.92192 0.636714
2.93192 0.610251
2.94192 0.583515
2.95192 0.556551
2.96192 0.529308
2.97192 0.501836
2.98192 0.474096
2.99192 0.446143
3.00192 0.41792
3.01192 0.389468
3.02192 0.360775
3.03192 0.331851
3.04192 0.302687
3.05192 0.273312
3.06192 0.243687
3.07192 0.213853
3.08192 0.183794
3.09192 0.15352
3.10192 0.123017
3.11192 0.0923216
3.12192 0.0614074
3.13192 0.0302761
3.14192 -0.00105247
3.15192 -0.0325549
3.16192 -0.064272
3.17192 -0.0961897
3.18192 -0.128296
3.19192 -0.160575
3.20192 -0.193047
3.21192 -0.225704
3.22192 -0.258532
3.23192 -0.291536
3.24192 -0.32471
3.25192 -0.358057
3.26192 -0.391564
3.27192 -0.425215
3.28192 -0.459036
3.29192 -0.493006
3.30192 -0.527126
3.31192 -0.561389
3.32192 -0.595792
3.33192 -0.630341
3.34192 -0.665016
3.35192 -0.699817
3.36192 -0.734747
3.37192 -0.769798
3.38192 -0.804968
3.39192 -0.840253
3.40192 -0.875646
3.41192 -0.911146
3.42192 -0.946746
3.43192 -0.982444
3.44192 -1.01824
3.45192 -1.05412
3.46192 -1.09008
3.47192 -1.12613
3.48192 -1.16225
3.49192 -1.19845
3.50192 -1.23471
3.51192 -1.27104
3.52192 -1.30743
3.53192 -1.34387
3.54192 -1.38036
3.55192 -1.4169
3.56192 -1.45348
3.57192 -1.4901
3.58192 -1.52675
3.59192 -1.56342
3.60192 -1.60012
3.61192 -1.63685
3.62192 -1.67358
3.63192 -1.71033
3.64192 -1.74708
3.65192 -1.78383
3.66192 -1.82058
3.67192 -1.85732
3.68192 -1.89404
3.69192 -1.93075
3.70192 -1.96743
3.71192 -2.0041
3.72192 -2.04072
3.73192 -2.07731
3.74192 -2.11386
3.75192 -2.15036
3.76192 -2.18681
3.77192 -2.22321
3.78192 -2.25954
3.79192 -2.29581
3.80192 -2.33201
3.81192 -2.36813
3.82192 -2.40417
3.83192 -2.44013
3.84192 -2.476
3.85192 -2.51177
3.86192 -2.54744
3.87192 -2.58301
3.88192 -2.61847
3.89192 -2.65382
3.90192 -2.68905
3.91192 -2.72415
3.92192 -2.75911
3.93192 -2.79396
3.94192 -2.82866
3.95192 -2.86322
3.96192 -2.89762
3.97192 -2.93189
3.98192 -2.96598
3.99192 -2.99991
4.00192 -3.03368
4.01192 -3.06727
4.02192 -3.10069
4.03192 -3.13392
4.04192 -3.16697
4.05192 -3.19982
4.06192 -3.23245
4.07192 -3.26492
4.08192 -3.29717
4.09192 -3.3292
4.10192 -3.36103
4.11192 -3.39264
4.12192 -3.42399
4.13192 -3.45514
4.14192 -3.48604
4.15192 -3.5167
4.16192 -3.54712
4.17192 -3.57729
4.18192 -3.6072
4.19192 -3.63684
4.20192 -3.66619
4.21192 -3.69534
4.22192 -3.72413
4.23192 -3.75273
4.24192 -3.78106
4.25192 -3.80906
4.26192 -3.83676
4.27192 -3.86418
4.28192 -3.89127
4.29192 -3.91807
4.30192 -3.94457
4.31192 -3.97075
4.32192 -3.99662
4.33192 -4.02214
4.34192 -4.04736
4.35192 -4.07222
4.36192 -4.09671
4.37192 -4.12097
4.38192 -4.14478
4.39192 -4.16832
4.40192 -4.19147
4.41192 -4.21426
4.42192 -4.23668
4.43192 -4.25874
4.44192 -4.28045
4.45192 -4.30176
4.46192 -4.32269
4.47192 -4.34325
4.48192 -4.36342
4.49192 -4.3832
4.50192 -4.40257
4.51192 -4.42156
4.52192 -4.44014
4.53192 -4.45832
4.54192 -4.47609
4.55192 -4.49343
4.56192 -4.51035
4.57192 -4.52684
4.58192 -4.54295
4.59192 -4.55864
4.60192 -4.57386
4.61192 -4.58865
4.62192 -4.60298
4.63192 -4.61691
4.64192 -4.63039
4.65192 -4.64343
4.66192 -4.65596
4.67192 -4.66808
4.68192 -4.67975
4.69192 -4.69093
4.70192 -4.70166
4.71192 -4.71192
4.72192 -4.72171
4.73192 -4.73101
4.74192 -4.73985
4.75192 -4.74821
4.76192 -4.75608
4.77192 -4.76346
4.78192 -4.77037
4.79192 -4.77678
4.80192 -4.78267
4.81192 -4.78811
4.82192 -4.79302
4.83192 -4.79745
4.84192 -4.80137
4.85192 -4.80477
4.86192 -4.80767
4.87192 -4.81005
4.88192 -4.81193
4.89192 -4.81329
4.90192 -4.81414
4.91192 -4.81446
4.92192 -4.81427
4.93192 -4.81355
4.94192 -4.81231
4.95192 -4.81054
4.96192 -4.80824
4.97192 -4.80537
4.98192 -4.80205
4.99192 -4.7981
5.00192 -4.79372
5.01192 -4.78876
5.02192 -4.78325
5.03192 -4.77716
5.04192 -4.77058
5.05192 -4.76349
5.06192 -4.75584
5.07192 -4.74762
5.08192 -4.73888
5.09192 -4.72956
5.10192 -4.71972
5.11192 -4.70931
5.12192 -4.69837
5.13192 -4.68688
5.14192 -4.67483
5.15192 -4.66224
5.16192 -4.64909
5.17192 -4.63538
5.18192 -4.62114
5.19192 -4.60629
5.20192 -4.59096
5.21192 -4.57506
5.22192 -4.55859
5.23192 -4.54158
5.24192 -4.52401
5.25192 -4.50587
5.26192 -4.48719
5.27192 -4.46797
5.28192 -4.44819
5.29192 -4.42786
5.30192 -4.40696
5.31192 -4.3855
5.32192 -4.36353
5.33192 -4.34098
5.34192 -4.31789
5.35192 -4.29425
5.36192 -4.27005
5.37192 -4.24529
5.38192 -4.22003
5.39192 -4.19419
5.40192 -4.16782
5.41192 -4.14089
5.42192 -4.11339
5.43192 -4.0854
5.44192 -4.05688
5.45192 -4.02779
5.46192 -3.99813
5.47192 -3.96797
5.48192 -3.93727
5.49192 -3.90608
5.50192 -3.87434
5.51192 -3.84205
5.52192 -3.80923
5.53192 -3.77589
5.54192 -3.74202
5.55192 -3.70764
5.56192 -3.67273
5.57192 -3.63731
5.58192 -3.60136
5.59192 -3.56492
5.60192 -3.52795
5.61192 -3.49048
5.62192 -3.45249
5.63192 -3.414
5.64192 -3.37505
5.65192 -3.33557
5.66192 -3.29559
5.67192 -3.25513
5.68192 -3.21418
5.69192 -3.17273
5.70192 -3.13082
5.71192 -3.08838
5.72192 -3.04551
5.73192 -3.00212
5.74192 -2.95834
5.75192 -2.91408
5.76192 -2.86931
5.77192 -2.82409
5.78192 -2.77839
5.79192 -2.73228
5.80192 -2.68571
5.81192 -2.63868
5.82192 -2.59123
5.83192 -2.54331
5.84192 -2.49499
5.85192 -2.44621
5.86192 -2.39702
5.87192 -2.34742
5.88192 -2.29738
5.89192 -2.24693
5.90192 -2.19606
5.91192 -2.14481
5.92192 -2.09311
5.93192 -2.04106
5.94192 -1.98861
5.95192 -1.9358
5.96192 -1.88258
5.97192 -1.82898
5.98192 -1.77499
5.99192 -1.72064
6.00192 -1.66595
6.01192 -1.6109
6.02192 -1.55546
6.03192 -1.4997
6.04192 -1.44361
6.05192 -1.38715
6.06192 -1.33037
6.07192 -1.27326
6.08192 -1.21583
6.09192 -1.15808
6.10192 -1.10002
6.11192 -1.04164
6.12192 -0.982974
6.13192 -0.924014
6.14192 -0.864753
6.15192 -0.805216
6.16192 -0.745393
6.17192 -0.6853
6.18192 -0.624936
6.19192 -0.564318
6.20192 -0.503444
6.21192 -0.442317
6.22192 -0.380937
6.23192 -0.319323
6.24192 -0.257493
6.25192 -0.195428
6.26192 -0.133123
